(-72.183042, -51.65999) (-72.298803, -51.684662)
(-72.183042, -51.65999) (-70.784646, -51.026987)
(-70.904486, -51.935027) (-72.183042, -51.65999)
(-70.784646, -51.026987) (-69.639873, -51.6239)
(-71.368156, -50.619316) (-71.852182, -50.308466)
(-71.368156, -50.619316) (-70.784646, -51.026987)
(-71.852182, -50.308466) (-71.473773, -49.60015)
(-68.342563, -54.810829) (-68.576788, -54.855246)
(-67.83089, -54.740766) (-68.342563, -54.810829)
(-67.83089, -54.740766) (-67.501759, -54.854062)
(-67.501759, -54.854062) (-67.565762, -54.870743)
(-67.501759, -54.854062) (-66.742341, -54.967965)
(-69.583362, -51.633288) (-70.904486, -51.935027)
(-69.583362, -51.633288) (-69.247292, -51.621016)
(-69.639873, -51.6239) (-69.583362, -51.633288)
(-69.247292, -51.621016) (-69.288225, -51.711726)
(-69.288225, -51.711726) (-68.606578, -52.663154)
(-68.911947, -50.055786) (-69.639873, -51.6239)
(-67.757967, -53.853181) (-68.607515, -54.000094)
(-67.757967, -53.853181) (-67.206048, -54.23235)
(-68.457147, -53.29932) (-68.606052, -53.319923)
(-68.457147, -53.29932) (-67.70423, -53.772772)
(-68.606578, -52.663154) (-68.457147, -53.29932)
(-67.70423, -53.772772) (-67.757967, -53.853181)
(-67.206048, -54.23235) (-67.83089, -54.740766)
(-67.206048, -54.23235) (-66.443381, -54.488032)
(-69.012823, -51.609292) (-69.288225, -51.711726)
(-71.428837, -49.595396) (-71.473773, -49.60015)
(-71.428837, -49.595396) (-71.438369, -49.337669)
(-71.438369, -49.337669) (-70.995998, -48.895714)
(-71.460771, -43.113167) (-71.757585, -43.176535)
(-71.215675, -42.948941) (-71.460771, -43.113167)
(-71.215675, -42.948941) (-71.132133, -42.322522)
(-69.583861, -49.577166) (-71.428837, -49.595396)
(-70.995998, -48.895714) (-70.303838, -48.764489)
(-66.36032, -24.25207) (-67.261272, -23.844456)
(-66.369141, -23.401988) (-67.062858, -23.226583)
(-66.369141, -23.401988) (-66.441397, -22.772861)
(-66.420971, -24.146896) (-66.382444, -23.420984)
(-66.382444, -23.420984) (-66.369141, -23.401988)
(-66.320054, -24.229068) (-66.010395, -23.792369)
(-66.320054, -24.229068) (-66.36032, -24.25207)
(-66.441397, -22.772861) (-66.440412, -22.764143)
(-65.660297, -24.901616) (-65.746449, -24.757169)
(-65.746449, -24.757169) (-66.154328, -24.28983)
(-65.476279, -24.839225) (-65.660297, -24.901616)
(-66.154328, -24.28983) (-66.36032, -24.25207)
(-65.028963, -24.738754) (-65.416896, -24.793116)
(-65.028963, -24.738754) (-65.04207, -24.484127)
(-65.416896, -24.793116) (-65.27775, -24.217162)
(-65.019147, -24.804625) (-65.028963, -24.738754)
(-65.27775, -24.217162) (-65.320071, -24.189986)
(-65.27775, -24.217162) (-65.094058, -24.376715)
(-65.320071, -24.189986) (-65.354773, -24.177362)
(-65.354773, -24.177362) (-65.470456, -23.744126)
(-65.04207, -24.484127) (-64.975107, -24.372775)
(-65.094058, -24.376715) (-65.04207, -24.484127)
(-65.094058, -24.376715) (-64.975107, -24.372775)
(-64.975107, -24.372775) (-64.898536, -24.267127)
(-65.470456, -23.744126) (-66.369141, -23.401988)
(-65.470456, -23.744126) (-65.357154, -23.199248)
(-65.357154, -23.199248) (-65.368209, -23.014401)
(-65.368209, -23.014401) (-65.352699, -22.974209)
(-65.368209, -23.014401) (-65.599495, -22.107883)
(-66.440412, -22.764143) (-66.425147, -22.725137)
(-66.425147, -22.725137) (-66.450501, -22.710938)
(-66.450501, -22.710938) (-65.599495, -22.107883)
(-65.599495, -22.107883) (-65.599106, -22.100893)
(-65.574043, -22.122469) (-65.599106, -22.100893)
(-65.352699, -22.974209) (-65.21701, -22.790295)
(-65.480606, -22.140368) (-65.574043, -22.122469)
(-69.374374, -42.012905) (-69.551933, -42.252132)
(-69.551933, -42.252132) (-69.239792, -42.273232)
(-69.372225, -42.006787) (-69.374374, -42.012905)
(-69.369194, -41.999664) (-69.372225, -42.006787)
(-67.57941, -45.906533) (-69.814581, -45.44865)
(-67.57941, -45.906533) (-67.523492, -46.421316)
(-69.814581, -45.44865) (-70.803171, -43.507132)
(-69.215271, -42.276302) (-68.819504, -42.389709)
(-68.819504, -42.389709) (-68.783676, -42.418404)
(-68.783676, -42.418404) (-68.7257, -42.465481)
(-68.7257, -42.465481) (-68.572151, -42.483612)
(-68.572151, -42.483612) (-68.512253, -42.483727)
(-68.512253, -42.483727) (-68.334641, -42.527267)
(-68.334641, -42.527267) (-68.295403, -42.52013)
(-68.295403, -42.52013) (-68.166389, -42.533356)
(-65.299987, -43.231007) (-70.803171, -43.507132)
(-65.299987, -43.231007) (-65.262387, -43.284343)
(-70.803171, -43.507132) (-71.215675, -42.948941)
(-67.513695, -42.370087) (-68.166389, -42.533356)
(-67.513695, -42.370087) (-67.269707, -42.431313)
(-67.220741, -42.441666) (-67.269707, -42.431313)
(-67.119759, -42.452976) (-67.220741, -42.441666)
(-67.103111, -42.456203) (-67.119759, -42.452976)
(-71.696881, -40.691813) (-71.94445, -40.712519)
(-71.696881, -40.691813) (-70.827371, -39.999408)
(-71.153512, -41.032348) (-71.696881, -40.691813)
(-71.153512, -41.032348) (-70.773493, -40.567641)
(-71.132133, -42.322522) (-71.292385, -41.134546)
(-71.292385, -41.134546) (-71.162232, -41.066352)
(-70.681712, -41.120493) (-71.162373, -42.051161)
(-70.681712, -41.120493) (-71.162232, -41.066352)
(-71.162373, -42.051161) (-71.177401, -42.160954)
(-71.162232, -41.066352) (-71.153512, -41.032348)
(-70.613134, -41.020017) (-70.681712, -41.120493)
(-70.773493, -40.567641) (-70.707279, -40.698029)
(-70.773493, -40.567641) (-70.646157, -40.435385)
(-70.827371, -39.999408) (-70.074269, -38.904788)
(-70.707279, -40.698029) (-70.613134, -41.020017)
(-70.646157, -40.435385) (-70.827371, -39.999408)
(-65.654799, -27.620132) (-65.66761, -27.625156)
(-65.66761, -27.625156) (-65.670862, -27.624582)
(-65.653921, -27.619595) (-65.654799, -27.620132)
(-65.649554, -27.615485) (-65.653921, -27.619595)
(-65.647571, -27.61378) (-65.649554, -27.615485)
(-65.646386, -27.612805) (-65.647571, -27.61378)
(-65.645756, -27.612277) (-65.646386, -27.612805)
(-65.644707, -27.611291) (-65.645756, -27.612277)
(-65.641423, -27.607772) (-65.644707, -27.611291)
(-65.639877, -27.606153) (-65.641423, -27.607772)
(-65.639877, -27.606153) (-65.63668, -27.602644)
(-65.63668, -27.602644) (-65.635739, -27.60145)
(-65.635739, -27.60145) (-65.634401, -27.599643)
(-65.634401, -27.599643) (-65.632809, -27.597521)
(-65.632809, -27.597521) (-65.612272, -27.580243)
(-65.612272, -27.580243) (-65.586653, -27.357052)
(-65.586653, -27.357052) (-65.759753, -27.340894)
(-65.586653, -27.357052) (-65.583391, -27.345795)
(-65.759753, -27.340894) (-65.970226, -27.345692)
(-65.583391, -27.345795) (-65.494933, -27.174959)
(-65.101177, -28.191205) (-65.504414, -28.046949)
(-65.101177, -28.191205) (-65.192877, -27.828513)
(-65.504414, -28.046949) (-65.580615, -28.00503)
(-65.58478, -27.769114) (-65.192877, -27.828513)
(-65.58478, -27.769114) (-65.612272, -27.580243)
(-65.192877, -27.828513) (-65.239901, -27.666381)
(-65.243342, -27.644372) (-65.350458, -27.258563)
(-65.350458, -27.258563) (-65.494933, -27.174959)
(-65.350458, -27.258563) (-65.270395, -26.951638)
(-65.239901, -27.666381) (-65.243342, -27.644372)
(-64.988804, -27.686292) (-65.239901, -27.666381)
(-66.916214, -27.226254) (-66.874963, -27.274159)
(-66.874963, -27.274159) (-66.165731, -26.986013)
(-66.739082, -26.886747) (-66.916214, -27.226254)
(-67.261848, -26.478052) (-66.739082, -26.886747)
(-66.165731, -26.986013) (-66.079657, -26.816316)
(-66.165731, -26.986013) (-66.31955, -27.5811)
(-66.079657, -26.816316) (-66.042844, -26.601551)
(-66.079657, -26.816316) (-65.919228, -26.587297)
(-66.042844, -26.601551) (-66.011809, -26.509338)
(-66.044306, -25.694592) (-66.283969, -25.439472)
(-66.283969, -25.439472) (-66.159723, -25.120195)
(-66.159723, -25.120195) (-66.091222, -25.04956)
(-63.936543, -29.785194) (-63.941719, -29.785271)
(-63.941719, -29.785271) (-63.998871, -29.75976)
(-63.908878, -29.825886) (-63.936543, -29.785194)
(-63.884762, -29.908665) (-63.908878, -29.825886)
(-63.884762, -29.908665) (-63.856995, -29.912394)
(-63.72646, -29.915516) (-63.704928, -29.516017)
(-63.704928, -29.516017) (-63.903831, -29.193401)
(-63.688473, -29.504412) (-63.704928, -29.516017)
(-63.67701, -29.498909) (-63.688473, -29.504412)
(-63.664791, -29.486656) (-63.67701, -29.498909)
(-63.654453, -29.485611) (-63.664791, -29.486656)
(-63.639347, -29.463289) (-63.654453, -29.485611)
(-63.623661, -29.450462) (-63.639347, -29.463289)
(-63.603176, -29.46122) (-63.623661, -29.450462)
(-63.552052, -29.421368) (-63.603176, -29.46122)
(-63.531914, -29.406971) (-63.552052, -29.421368)
(-63.472027, -29.378822) (-63.531914, -29.406971)
(-63.448528, -29.384426) (-63.472027, -29.378822)
(-63.425167, -29.377596) (-63.448528, -29.384426)
(-63.377491, -29.364586) (-63.425167, -29.377596)
(-66.836013, -29.438571) (-67.0745, -29.249117)
(-66.836013, -29.438571) (-66.812718, -29.396179)
(-67.0745, -29.249117) (-66.810432, -28.560774)
(-67.0745, -29.249117) (-67.145546, -29.274767)
(-66.810432, -28.560774) (-67.04959, -28.31489)
(-66.812718, -29.396179) (-66.65056, -29.158665)
(-66.812718, -29.396179) (-65.773914, -29.220718)
(-66.65056, -29.158665) (-66.630852, -28.954157)
(-66.65056, -29.158665) (-66.24875, -28.868697)
(-66.630852, -28.954157) (-66.7993, -28.565618)
(-67.04959, -28.31489) (-67.089712, -28.289453)
(-66.7993, -28.565618) (-66.810432, -28.560774)
(-66.544614, -28.645976) (-66.630852, -28.954157)
(-66.544614, -28.645976) (-66.7993, -28.565618)
(-66.24875, -28.868697) (-66.396302, -28.677153)
(-66.24875, -28.868697) (-65.773776, -28.467799)
(-65.773914, -29.220718) (-65.776617, -29.215524)
(-66.396302, -28.677153) (-66.544614, -28.645976)
(-66.396302, -28.677153) (-66.31955, -27.5811)
(-67.089712, -28.289453) (-67.029993, -27.649342)
(-67.089712, -28.289453) (-68.299125, -26.873682)
(-67.029993, -27.649342) (-66.874963, -27.274159)
(-67.175446, -38.194462) (-67.187541, -38.214562)
(-67.146745, -38.159218) (-67.175446, -38.194462)
(-70.587685, -37.281754) (-70.624107, -37.256046)
(-70.50106, -37.257301) (-70.587685, -37.281754)
(-70.50106, -37.257301) (-70.413811, -37.259922)
(-70.413811, -37.259922) (-70.400909, -37.26553)
(-70.400909, -37.26553) (-70.371284, -37.287373)
(-70.371284, -37.287373) (-70.282867, -37.369186)
(-70.282867, -37.369186) (-70.263686, -37.38013)
(-70.263686, -37.38013) (-69.648481, -36.479738)
(-69.648481, -36.479738) (-69.655552, -36.454842)
(-69.807886, -35.862924) (-70.394259, -35.982425)
(-69.807886, -35.862924) (-69.598045, -35.749073)
(-69.682186, -36.364855) (-69.807886, -35.862924)
(-69.655552, -36.454842) (-69.665164, -36.409862)
(-69.665164, -36.409862) (-69.682186, -36.364855)
(-69.598045, -35.749073) (-69.588433, -35.74854)
(-69.588433, -35.74854) (-69.585428, -35.474506)
(-69.585428, -35.474506) (-69.582545, -35.080807)
(-69.582545, -35.080807) (-69.078953, -33.950782)
(-69.189721, -35.406908) (-69.585428, -35.474506)
(-69.078953, -33.950782) (-69.078007, -33.946959)
(-67.748901, -37.660454) (-67.081455, -36.381157)
(-67.081455, -36.381157) (-66.924539, -36.243194)
(-68.827924, -35.39582) (-69.189721, -35.406908)
(-68.330797, -34.616292) (-69.582545, -35.080807)
(-68.330797, -34.616292) (-68.37457, -34.601024)
(-68.483613, -35.315325) (-68.827924, -35.39582)
(-68.360604, -35.328665) (-68.483613, -35.315325)
(-68.37457, -34.601024) (-69.078007, -33.946959)
(-68.24234, -34.675262) (-68.330797, -34.616292)
(-68.24234, -34.675262) (-68.002211, -34.641669)
(-69.078007, -33.946959) (-68.879775, -33.102167)
(-67.866969, -34.85736) (-68.360604, -35.328665)
(-67.866969, -34.85736) (-68.24234, -34.675262)
(-68.002211, -34.641669) (-66.342914, -33.316933)
(-67.689115, -34.978071) (-67.866969, -34.85736)
(-66.925349, -36.241602) (-67.689115, -34.978071)
(-66.342914, -33.316933) (-68.819153, -32.896718)
(-69.348256, -32.591004) (-70.082512, -32.814581)
(-69.348256, -32.591004) (-69.388387, -32.393709)
(-69.388387, -32.393709) (-69.359826, -32.080387)
(-69.359826, -32.080387) (-69.455834, -31.777196)
(-69.455834, -31.777196) (-69.225937, -30.325314)
(-69.225937, -30.325314) (-69.577324, -30.392651)
(-69.577324, -30.392651) (-69.825905, -30.192794)
(-68.879775, -33.102167) (-69.348256, -32.591004)
(-68.879775, -33.102167) (-68.819153, -32.896718)
(-68.819153, -32.896718) (-68.439379, -31.979461)
(-68.775685, -32.007986) (-69.359826, -32.080387)
(-68.439379, -31.979461) (-68.775685, -32.007986)
(-68.439379, -31.979461) (-68.43611, -31.884465)
(-68.375836, -31.985649) (-68.439379, -31.979461)
(-68.265843, -32.040526) (-68.375836, -31.985649)
(-68.203797, -32.015628) (-68.265843, -32.040526)
(-68.43611, -31.884465) (-68.429716, -31.699547)
(-68.43611, -31.884465) (-68.222526, -31.837002)
(-68.429716, -31.699547) (-68.495736, -31.551654)
(-68.495736, -31.551654) (-68.43611, -31.884465)
(-68.495736, -31.551654) (-68.522285, -31.441859)
(-68.522285, -31.441859) (-68.503922, -31.439047)
(-68.522285, -31.441859) (-68.708985, -30.301085)
(-68.222526, -31.837002) (-68.311092, -31.619745)
(-68.169502, -31.88865) (-68.222526, -31.837002)
(-68.311092, -31.619745) (-68.495736, -31.551654)
(-68.301231, -31.581968) (-68.311092, -31.619745)
(-68.411591, -31.5238) (-68.382141, -31.546894)
(-68.382141, -31.546894) (-68.327789, -31.555864)
(-68.327789, -31.555864) (-68.300079, -31.573343)
(-68.418129, -31.506271) (-68.411591, -31.5238)
(-68.416084, -31.492367) (-68.418129, -31.506271)
(-68.413857, -31.480536) (-68.416084, -31.492367)
(-68.412865, -31.475061) (-68.413857, -31.480536)
(-68.410286, -31.460819) (-68.412865, -31.475061)
(-68.300079, -31.573343) (-68.300377, -31.578714)
(-68.300377, -31.578714) (-68.301231, -31.581968)
(-68.336606, -32.629873) (-67.801523, -32.212863)
(-67.801523, -32.212863) (-68.169502, -31.88865)
(-67.800387, -32.21367) (-67.801523, -32.212863)
(-67.354409, -31.496051) (-68.169502, -31.88865)
(-67.354409, -31.496051) (-67.702, -30.224692)
(-67.009485, -32.388966) (-67.800387, -32.21367)
(-68.503922, -31.439047) (-68.496597, -31.438805)
(-68.496597, -31.438805) (-68.452789, -31.441565)
(-68.452789, -31.441565) (-68.427292, -31.44318)
(-68.427292, -31.44318) (-68.406799, -31.444473)
(-68.406799, -31.444473) (-68.410286, -31.460819)
(-68.708985, -30.301085) (-68.783159, -30.219321)
(-68.708985, -30.301085) (-68.571594, -30.2941)
(-68.783159, -30.219321) (-69.225937, -30.325314)
(-68.571594, -30.2941) (-68.477329, -30.205376)
(-68.477329, -30.205376) (-68.225213, -29.346806)
(-68.225213, -29.346806) (-69.299292, -28.069741)
(-68.225213, -29.346806) (-67.504745, -29.300096)
(-67.702, -30.224692) (-68.477329, -30.205376)
(-67.670358, -30.204148) (-67.702, -30.224692)
(-67.670358, -30.204148) (-68.225213, -29.346806)
(-66.884903, -30.04788) (-67.670358, -30.204148)
(-66.884903, -30.04788) (-66.932434, -30.605625)
(-66.874901, -30.031929) (-67.504745, -29.300096)
(-66.874901, -30.031929) (-66.836013, -29.438571)
(-67.504745, -29.300096) (-67.492854, -29.168734)
(-67.492854, -29.168734) (-67.493298, -28.997963)
(-67.28282, -29.264936) (-67.492854, -29.168734)
(-67.493298, -28.997963) (-67.667342, -28.395243)
(-67.493298, -28.997963) (-67.04959, -28.31489)
(-67.412689, -26.068609) (-67.261848, -26.478052)
(-65.891263, -47.753237) (-67.213537, -47.138833)
(-67.213537, -47.138833) (-68.931647, -49.984959)
(-65.262541, -43.284602) (-67.57941, -45.906533)
(-66.825294, -42.479153) (-66.846588, -42.481468)
(-66.846588, -42.481468) (-66.929886, -42.438015)
(-66.743172, -42.523228) (-66.825294, -42.479153)
(-66.742287, -42.523346) (-66.743172, -42.523228)
(-66.63192, -42.524948) (-66.742287, -42.523346)
(-66.59111, -42.546963) (-66.63192, -42.524948)
(-66.94915, -42.438831) (-67.103111, -42.456203)
(-66.929886, -42.438015) (-66.94915, -42.438831)
(-66.535774, -42.584251) (-66.59111, -42.546963)
(-66.494553, -42.611576) (-66.535774, -42.584251)
(-66.276901, -42.665771) (-66.494553, -42.611576)
(-65.996651, -42.771038) (-66.143379, -42.719303)
(-66.143379, -42.719303) (-66.188469, -42.701263)
(-66.259018, -42.672932) (-66.276901, -42.665771)
(-66.188469, -42.701263) (-66.259018, -42.672932)
(-65.262387, -43.284343) (-65.262541, -43.284602)
(-65.300659, -43.233166) (-65.299987, -43.231007)
(-65.104077, -43.306032) (-65.262387, -43.284343)
(-65.756691, -42.763542) (-65.996651, -42.771038)
(-65.203575, -42.741821) (-65.756691, -42.763542)
(-65.113563, -42.744782) (-65.299987, -43.231007)
(-65.113563, -42.744782) (-65.203575, -42.741821)
(-65.340993, -40.816291) (-68.090073, -40.843253)
(-65.340993, -40.816291) (-65.113563, -42.744782)
(-68.090073, -40.843253) (-69.505567, -41.322858)
(-68.090073, -40.843253) (-67.988297, -39.554661)
(-65.003445, -40.712077) (-65.340993, -40.816291)
(-64.99299, -40.703944) (-65.329883, -39.965363)
(-64.99299, -40.703944) (-65.003445, -40.712077)
(-65.329883, -39.965363) (-65.669102, -39.279795)
(-66.514166, -39.087091) (-67.614447, -39.038648)
(-67.614447, -39.038648) (-67.988297, -39.554661)
(-67.614447, -39.038648) (-68.01076, -38.942598)
(-65.669102, -39.279795) (-66.514166, -39.087091)
(-66.088432, -38.142173) (-67.146745, -38.159218)
(-66.088432, -38.142173) (-66.514166, -39.087091)
(-64.421778, -39.052135) (-65.669102, -39.279795)
(-64.421778, -39.052135) (-64.474599, -40.10871)
(-65.073396, -37.446066) (-66.088432, -38.142173)
(-65.073396, -37.446066) (-65.074166, -37.446092)
(-64.474599, -40.10871) (-64.99299, -40.703944)
(-64.474599, -40.10871) (-65.329883, -39.965363)
(-63.479481, -40.691883) (-65.003445, -40.712077)
(-63.479481, -40.691883) (-64.474599, -40.10871)
(-63.004471, -40.802554) (-63.479481, -40.691883)
(-63.000827, -40.790166) (-63.004471, -40.802554)
(-62.929249, -40.762393) (-63.000827, -40.790166)
(-64.107722, -38.978409) (-64.421778, -39.052135)
(-64.075734, -38.969946) (-64.107722, -38.978409)
(-64.025292, -37.750334) (-64.075734, -38.969946)
(-64.025292, -37.750334) (-64.131222, -37.663454)
(-62.567492, -38.753299) (-64.075734, -38.969946)
(-62.567492, -38.753299) (-62.929249, -40.762393)
(-63.166716, -38.158255) (-64.025292, -37.750334)
(-65.674759, -37.337091) (-67.748901, -37.660454)
(-65.674759, -37.337091) (-66.979422, -36.552208)
(-66.979422, -36.552208) (-67.081455, -36.381157)
(-66.924539, -36.243194) (-66.925349, -36.241602)
(-66.924539, -36.243194) (-66.814389, -36.296586)
(-66.814389, -36.296586) (-64.278185, -36.224488)
(-65.6639, -37.334258) (-65.674759, -37.337091)
(-65.074166, -37.446092) (-65.6639, -37.334258)
(-64.278185, -36.224488) (-64.267817, -35.67544)
(-65.25225, -35.102851) (-67.689115, -34.978071)
(-65.25225, -35.102851) (-65.272545, -34.75856)
(-65.272545, -34.75856) (-65.467565, -33.665724)
(-65.453289, -33.660664) (-65.467565, -33.665724)
(-65.449078, -33.64743) (-65.453289, -33.660664)
(-65.449078, -33.64743) (-66.260811, -33.304239)
(-65.449078, -33.64743) (-65.534149, -33.059582)
(-65.429178, -33.651628) (-65.453289, -33.660664)
(-65.429178, -33.651628) (-65.449078, -33.64743)
(-64.60791, -37.367905) (-65.073396, -37.446066)
(-64.288024, -37.308804) (-64.60791, -37.367905)
(-64.288024, -37.308804) (-64.286088, -37.120565)
(-64.131222, -37.663454) (-64.288024, -37.308804)
(-64.286088, -37.120565) (-64.27026, -36.620196)
(-64.27026, -36.620196) (-64.278185, -36.224488)
(-63.666813, -37.123947) (-64.286088, -37.120565)
(-63.666813, -37.123947) (-63.664611, -36.493902)
(-63.944046, -36.53745) (-64.27026, -36.620196)
(-63.944046, -36.53745) (-63.942463, -35.775242)
(-64.267817, -35.67544) (-63.784172, -35.678864)
(-64.267817, -35.67544) (-64.264034, -35.053723)
(-63.784172, -35.678864) (-63.780228, -35.688061)
(-63.784172, -35.678864) (-63.767873, -35.678817)
(-63.613758, -37.666782) (-64.131222, -37.663454)
(-63.393096, -37.657726) (-63.613758, -37.666782)
(-63.391504, -37.124426) (-63.666813, -37.123947)
(-63.664611, -36.493902) (-63.944046, -36.53745)
(-63.247059, -37.132023) (-63.391504, -37.124426)
(-63.247059, -37.132023) (-62.789139, -37.214905)
(-62.789139, -37.214905) (-62.420521, -37.178874)
(-65.17411, -32.341236) (-65.199425, -32.341846)
(-65.17411, -32.341236) (-65.173065, -31.947756)
(-65.016312, -32.347839) (-65.17411, -32.341236)
(-65.173065, -31.947756) (-65.374524, -32.054552)
(-65.374524, -32.054552) (-65.698056, -32.203989)
(-65.374524, -32.054552) (-65.199425, -32.341846)
(-65.005257, -31.723209) (-65.173065, -31.947756)
(-65.005257, -31.723209) (-65.097336, -31.345882)
(-65.005257, -31.723209) (-64.679878, -31.550678)
(-66.592246, -31.3419) (-67.354409, -31.496051)
(-66.592246, -31.3419) (-66.70108, -30.837589)
(-66.932434, -30.605625) (-66.70108, -30.837589)
(-66.274032, -31.314992) (-66.592246, -31.3419)
(-66.274032, -31.314992) (-66.313117, -31.207786)
(-66.313117, -31.207786) (-66.226575, -30.966366)
(-66.313117, -31.207786) (-65.988953, -31.014389)
(-66.226575, -30.966366) (-66.305333, -30.360324)
(-65.988953, -31.014389) (-65.578363, -30.606544)
(-66.305333, -30.360324) (-66.331503, -30.343481)
(-66.875831, -30.03805) (-66.884903, -30.04788)
(-66.875831, -30.03805) (-66.874901, -30.031929)
(-66.331503, -30.343481) (-66.875831, -30.03805)
(-66.331503, -30.343481) (-65.519541, -29.603519)
(-65.578363, -30.606544) (-66.305333, -30.360324)
(-65.07991, -31.346043) (-65.097336, -31.345882)
(-64.978766, -30.852494) (-65.07991, -31.346043)
(-64.978766, -30.852494) (-65.578363, -30.606544)
(-65.519541, -29.603519) (-65.773914, -29.220718)
(-64.919087, -29.512969) (-65.519541, -29.603519)
(-64.919087, -29.512969) (-65.092349, -28.929771)
(-64.440031, -33.210471) (-65.429178, -33.651628)
(-65.08429, -33.141472) (-64.379663, -33.110606)
(-65.08429, -33.141472) (-65.016312, -32.347839)
(-64.379663, -33.110606) (-64.350899, -33.117187)
(-64.379663, -33.110606) (-64.340324, -33.079962)
(-64.379448, -33.163685) (-64.440031, -33.210471)
(-64.379448, -33.163685) (-64.379663, -33.110606)
(-69.544657, -41.327688) (-70.613134, -41.020017)
(-69.362083, -41.849598) (-69.369194, -41.999664)
(-69.355873, -41.7799) (-69.362083, -41.849598)
(-69.423721, -41.447666) (-69.355873, -41.7799)
(-69.505567, -41.322858) (-69.544657, -41.327688)
(-69.505567, -41.322858) (-69.423721, -41.447666)
(-71.242172, -38.853783) (-71.277374, -38.812572)
(-71.242172, -38.853783) (-71.205521, -38.866394)
(-71.205521, -38.866394) (-71.064079, -38.902763)
(-71.064079, -38.902763) (-71.060837, -38.906868)
(-71.060837, -38.906868) (-71.022995, -38.865982)
(-71.022995, -38.865982) (-71.01506, -38.865017)
(-71.01506, -38.865017) (-70.969887, -38.886883)
(-70.969887, -38.886883) (-70.724648, -38.911274)
(-70.724648, -38.911274) (-70.576942, -38.865795)
(-70.074269, -38.904788) (-70.085387, -38.896499)
(-70.074269, -38.904788) (-70.072668, -38.90314)
(-70.576942, -38.865795) (-70.515411, -38.8601)
(-70.515411, -38.8601) (-70.476822, -38.855103)
(-70.476822, -38.855103) (-70.409973, -38.890461)
(-70.409973, -38.890461) (-70.355309, -38.924889)
(-70.244102, -38.884693) (-70.355309, -38.924889)
(-70.244102, -38.884693) (-70.177246, -38.894569)
(-70.367618, -38.537747) (-70.896927, -38.66333)
(-70.367618, -38.537747) (-70.263686, -37.38013)
(-70.177246, -38.894569) (-70.085387, -38.896499)
(-70.085387, -38.896499) (-70.367618, -38.537747)
(-68.58421, -39.075954) (-70.646157, -40.435385)
(-68.58421, -39.075954) (-69.194379, -38.930702)
(-69.194379, -38.930702) (-70.072668, -38.90314)
(-70.303838, -48.764489) (-69.583861, -49.577166)
(-70.29744, -48.735882) (-70.544431, -48.40495)
(-70.29744, -48.735882) (-70.303838, -48.764489)
(-70.544431, -48.40495) (-70.925177, -46.592481)
(-68.931647, -49.984959) (-69.583861, -49.577166)
(-68.931647, -49.984959) (-68.911947, -50.055786)
(-70.925177, -46.592481) (-71.669365, -46.586626)
(-70.925177, -46.592481) (-70.814429, -46.536548)
(-70.814429, -46.536548) (-70.406218, -45.936458)
(-70.406218, -45.936458) (-71.646091, -45.914305)
(-70.406218, -45.936458) (-69.814581, -45.44865)
(-67.962196, -46.805336) (-70.814429, -46.536548)
(-67.962196, -46.805336) (-67.603371, -46.54678)
(-68.411897, -50.117355) (-68.911947, -50.055786)
(-67.603371, -46.54678) (-67.464017, -46.515779)
(-67.603371, -46.54678) (-67.523492, -46.421316)
(-67.255115, -47.013076) (-67.962196, -46.805336)
(-67.255115, -47.013076) (-67.213537, -47.138833)
(-67.464017, -46.515779) (-67.255115, -47.013076)
(-67.523492, -46.421316) (-67.52227, -46.420521)
(-67.523492, -46.421316) (-67.464017, -46.515779)
(-71.177401, -42.160954) (-71.132133, -42.322522)
(-69.239792, -42.273232) (-69.22525, -42.274914)
(-69.22525, -42.274914) (-69.215271, -42.276302)
(-69.173309, -38.912495) (-69.194379, -38.930702)
(-69.173096, -38.903862) (-69.173309, -38.912495)
(-69.115623, -38.743961) (-69.173096, -38.903862)
(-68.058936, -38.95951) (-68.58421, -39.075954)
(-69.11116, -38.737244) (-69.115623, -38.743961)
(-68.929001, -38.452991) (-69.11116, -38.737244)
(-68.962852, -38.443207) (-68.929001, -38.452991)
(-68.917099, -38.395164) (-68.962852, -38.443207)
(-68.795021, -38.351364) (-68.917099, -38.395164)
(-68.740532, -38.365879) (-68.795021, -38.351364)
(-68.589668, -38.458347) (-68.740532, -38.365879)
(-68.418564, -38.551109) (-68.589668, -38.458347)
(-68.369545, -38.571869) (-68.418564, -38.551109)
(-68.162178, -38.754013) (-68.163752, -38.719134)
(-68.162178, -38.754013) (-68.058936, -38.95951)
(-68.163752, -38.719134) (-68.167094, -38.710471)
(-68.167094, -38.710471) (-68.369545, -38.571869)
(-68.167094, -38.710471) (-67.748901, -37.660454)
(-68.01076, -38.942598) (-68.058936, -38.95951)
(-68.01076, -38.942598) (-68.163752, -38.719134)
(-67.612572, -39.029732) (-67.614447, -39.038648)
(-67.610703, -39.020782) (-67.612572, -39.029732)
(-67.610703, -39.020782) (-67.608231, -39.011745)
(-67.608231, -39.011745) (-67.599922, -39.00679)
(-67.599922, -39.00679) (-67.600594, -38.948948)
(-67.600594, -38.948948) (-67.582726, -38.878551)
(-67.426132, -38.451691) (-67.582726, -38.878551)
(-67.426132, -38.451691) (-67.293556, -38.31699)
(-67.293556, -38.31699) (-67.187541, -38.214562)
(-61.159302, -36.218571) (-61.064256, -36.142136)
(-61.159302, -36.218571) (-61.866256, -35.878112)
(-61.064256, -36.142136) (-60.896495, -35.492558)
(-60.896495, -35.492558) (-61.39705, -35.656462)
(-60.896495, -35.492558) (-60.966621, -34.676083)
(-62.999284, -35.438312) (-62.470657, -35.364948)
(-62.999284, -35.438312) (-62.984934, -35.039036)
(-62.470657, -35.364948) (-62.946388, -35.045746)
(-62.946388, -35.045746) (-62.984934, -35.039036)
(-62.987432, -35.035576) (-62.692222, -34.28474)
(-62.987432, -35.035576) (-62.989941, -35.037594)
(-62.692222, -34.28474) (-61.997838, -33.724199)
(-62.692222, -34.28474) (-63.420517, -34.14159)
(-61.905625, -35.847329) (-62.470657, -35.364948)
(-61.905625, -35.847329) (-62.748582, -36.01404)
(-61.497736, -34.841006) (-62.987432, -35.035576)
(-61.497736, -34.841006) (-61.39705, -35.656462)
(-61.997838, -33.724199) (-63.303716, -33.393434)
(-61.997838, -33.724199) (-61.503357, -33.456312)
(-63.303716, -33.393434) (-64.249, -33.133274)
(-63.303716, -33.393434) (-63.247828, -32.403375)
(-61.511944, -34.511314) (-62.692222, -34.28474)
(-61.511944, -34.511314) (-61.497736, -34.841006)
(-61.76874, -33.833445) (-61.997838, -33.724199)
(-61.76874, -33.833445) (-61.429756, -33.658058)
(-61.39705, -35.656462) (-61.905625, -35.847329)
(-61.00432, -34.593939) (-61.497736, -34.841006)
(-61.00432, -34.593939) (-61.511944, -34.511314)
(-60.966621, -34.676083) (-60.955601, -34.612667)
(-60.966621, -34.676083) (-60.497288, -35.087837)
(-60.955601, -34.612667) (-61.00432, -34.593939)
(-61.506355, -34.49514) (-61.511944, -34.511314)
(-61.504379, -34.489338) (-61.506355, -34.49514)
(-61.466099, -34.457134) (-61.504379, -34.489338)
(-61.4576, -34.445625) (-61.466099, -34.457134)
(-61.452957, -34.422485) (-61.4576, -34.445625)
(-61.452957, -34.422485) (-61.439392, -34.411846)
(-61.439392, -34.411846) (-61.395069, -34.373795)
(-61.395069, -34.373795) (-61.384464, -34.36454)
(-61.384464, -34.36454) (-61.376575, -34.357086)
(-61.368851, -34.343479) (-61.376575, -34.357086)
(-61.355282, -34.325859) (-61.368851, -34.343479)
(-61.339279, -34.313042) (-61.355282, -34.325859)
(-61.503357, -33.456312) (-60.905292, -33.0184)
(-61.337125, -33.806667) (-61.76874, -33.833445)
(-61.337125, -33.806667) (-61.429756, -33.658058)
(-60.11081, -35.01038) (-60.081646, -35.457867)
(-60.11081, -35.01038) (-60.440655, -35.126155)
(-60.081646, -35.457867) (-59.840622, -35.649833)
(-59.840622, -35.649833) (-61.064256, -36.142136)
(-59.840622, -35.649833) (-59.978344, -36.84993)
(-59.787468, -35.633525) (-59.840622, -35.649833)
(-59.787468, -35.633525) (-59.332806, -35.939468)
(-60.440655, -35.126155) (-60.896495, -35.492558)
(-60.440655, -35.126155) (-60.440567, -35.126217)
(-60.08984, -34.841663) (-60.11081, -35.01038)
(-60.08984, -34.841663) (-60.385376, -34.654568)
(-59.987143, -34.921841) (-60.11081, -35.01038)
(-59.987143, -34.921841) (-60.08984, -34.841663)
(-60.385376, -34.654568) (-60.497288, -35.087837)
(-60.385376, -34.654568) (-60.42638, -34.623226)
(-59.856808, -34.415885) (-60.08984, -34.841663)
(-59.856808, -34.415885) (-59.912815, -34.436523)
(-60.469441, -34.589236) (-60.955601, -34.612667)
(-60.469441, -34.589236) (-60.238289, -34.321182)
(-60.238289, -34.321182) (-59.912815, -34.436523)
(-60.238289, -34.321182) (-60.101968, -34.059237)
(-60.710014, -34.190777) (-60.238289, -34.321182)
(-60.710014, -34.190777) (-61.00432, -34.593939)
(-60.554362, -33.899237) (-60.964966, -33.932065)
(-60.554362, -33.899237) (-60.710014, -34.190777)
(-60.964966, -33.932065) (-61.077064, -33.920245)
(-60.964966, -33.932065) (-60.710014, -34.190777)
(-60.542522, -33.887212) (-60.745836, -33.580327)
(-60.542522, -33.887212) (-60.554224, -33.899052)
(-60.745836, -33.580327) (-60.773453, -33.451591)
(-60.554224, -33.899052) (-60.554362, -33.899237)
(-60.554224, -33.899052) (-61.584883, -32.460954)
(-60.101968, -34.059237) (-60.554362, -33.899237)
(-60.220815, -33.389078) (-60.542522, -33.887212)
(-60.220815, -33.389078) (-60.381029, -33.285978)
(-59.912815, -34.436523) (-60.42638, -34.623226)
(-60.42638, -34.623226) (-60.469441, -34.589236)
(-60.094716, -34.059967) (-59.856808, -34.415885)
(-60.094716, -34.059967) (-60.101968, -34.059237)
(-60.076877, -34.063474) (-60.094716, -34.059967)
(-60.076877, -34.063474) (-59.722187, -33.76236)
(-60.091854, -33.548038) (-60.094716, -34.059967)
(-60.091854, -33.548038) (-60.220815, -33.389078)
(-59.722187, -33.76236) (-60.091854, -33.548038)
(-59.378507, -35.380661) (-59.787468, -35.633525)
(-59.378507, -35.380661) (-59.987143, -34.921841)
(-59.400516, -34.664774) (-59.987143, -34.921841)
(-59.400516, -34.664774) (-59.460648, -34.451385)
(-61.859571, -32.729842) (-63.23381, -32.360227)
(-61.859571, -32.729842) (-62.694087, -32.610764)
(-63.23381, -32.360227) (-63.431819, -32.140146)
(-63.23381, -32.360227) (-63.247828, -32.403375)
(-62.694087, -32.610764) (-63.247828, -32.403375)
(-62.124142, -31.424227) (-63.23381, -32.360227)
(-62.124142, -31.424227) (-62.645915, -31.403121)
(-62.722122, -31.856005) (-62.645915, -31.403121)
(-62.722122, -31.856005) (-63.51825, -31.568722)
(-62.645915, -31.403121) (-62.823361, -31.384654)
(-61.482391, -33.530025) (-61.503357, -33.456312)
(-61.482391, -33.530025) (-60.790252, -33.092034)
(-61.424057, -32.805115) (-61.859571, -32.729842)
(-60.89975, -32.926613) (-61.859571, -32.729842)
(-60.89975, -32.926613) (-60.894917, -32.907997)
(-60.790252, -33.092034) (-60.905292, -33.0184)
(-60.790252, -33.092034) (-60.752744, -32.989096)
(-60.905292, -33.0184) (-60.89975, -32.926613)
(-60.905292, -33.0184) (-60.775287, -32.999866)
(-60.894917, -32.907997) (-61.424057, -32.805115)
(-60.894917, -32.907997) (-60.841038, -32.820851)
(-60.775287, -32.999866) (-60.819465, -32.939734)
(-60.775287, -32.999866) (-60.752744, -32.989096)
(-60.819465, -32.939734) (-60.89975, -32.926613)
(-60.819465, -32.939734) (-60.819145, -32.920189)
(-60.819145, -32.920189) (-60.894917, -32.907997)
(-60.819145, -32.920189) (-60.753141, -32.873203)
(-60.841038, -32.820851) (-61.526979, -31.532463)
(-60.841038, -32.820851) (-60.751861, -32.764962)
(-61.526979, -31.532463) (-62.097408, -31.428126)
(-61.526979, -31.532463) (-61.499512, -31.226624)
(-62.097408, -31.428126) (-62.124142, -31.424227)
(-62.097408, -31.428126) (-62.04689, -30.916273)
(-60.991783, -32.072311) (-60.751861, -32.764962)
(-60.751861, -32.764962) (-60.710622, -32.882546)
(-60.751861, -32.764962) (-60.730727, -32.76855)
(-60.799928, -31.667311) (-61.526979, -31.532463)
(-60.799928, -31.667311) (-60.991783, -32.072311)
(-62.823361, -31.384654) (-62.738873, -31.010426)
(-62.823361, -31.384654) (-63.599773, -31.343001)
(-62.738873, -31.010426) (-63.257359, -30.890125)
(-62.04689, -30.916273) (-62.738873, -31.010426)
(-62.04689, -30.916273) (-61.96339, -30.580547)
(-62.04689, -30.916273) (-61.908218, -30.934681)
(-61.96339, -30.580547) (-61.860512, -30.208672)
(-61.908218, -30.934681) (-61.54685, -30.929725)
(-59.023669, -34.394389) (-59.323358, -34.301402)
(-59.023669, -34.394389) (-58.960413, -34.181509)
(-59.323358, -34.301402) (-59.447889, -34.262458)
(-59.037772, -34.573528) (-59.062731, -34.568047)
(-59.037772, -34.573528) (-59.023669, -34.394389)
(-59.062731, -34.568047) (-59.400516, -34.664774)
(-59.062731, -34.568047) (-59.460648, -34.451385)
(-59.051527, -34.138256) (-59.323358, -34.301402)
(-59.051527, -34.138256) (-58.80065, -33.499942)
(-59.051527, -34.138256) (-59.542664, -33.854828)
(-58.960413, -34.181509) (-59.051527, -34.138256)
(-58.905052, -34.601449) (-59.037772, -34.573528)
(-58.850445, -34.566719) (-58.905052, -34.601449)
(-58.786114, -34.533672) (-58.850445, -34.566719)
(-58.755661, -34.519245) (-58.786114, -34.533672)
(-58.746635, -34.515583) (-58.755661, -34.519245)
(-58.731335, -34.508724) (-58.746635, -34.515583)
(-58.677, -34.471246) (-59.023669, -34.394389)
(-58.677, -34.471246) (-58.960413, -34.181509)
(-58.80065, -33.499942) (-58.618415, -33.039666)
(-58.80065, -33.499942) (-59.272846, -33.16404)
(-57.598301, -38.0) (-58.715084, -38.579926)
(-57.581779, -37.980392) (-58.448666, -37.673079)
(-57.581779, -37.980392) (-57.598301, -38.0)
(-58.448666, -37.673079) (-58.750675, -37.581959)
(-58.448666, -37.673079) (-58.496078, -37.227047)
(-57.542168, -38.040848) (-57.598301, -38.0)
(-57.552647, -37.995121) (-57.542168, -38.040848)
(-58.750675, -37.581959) (-58.727257, -38.55341)
(-58.750675, -37.581959) (-59.017115, -37.361067)
(-58.496078, -37.227047) (-58.551743, -37.127129)
(-58.496078, -37.227047) (-58.443996, -37.198307)
(-58.551743, -37.127129) (-58.514584, -35.768929)
(-58.551743, -37.127129) (-58.985825, -36.846321)
(-58.443996, -37.198307) (-58.551743, -37.127129)
(-58.443996, -37.198307) (-57.831329, -37.080482)
(-57.831329, -37.080482) (-57.581779, -37.980392)
(-57.831329, -37.080482) (-57.127399, -37.016426)
(-57.874699, -36.879852) (-57.831329, -37.080482)
(-58.514584, -35.768929) (-58.78067, -35.438438)
(-58.514584, -35.768929) (-58.230343, -35.170593)
(-57.702297, -36.293606) (-57.874699, -36.879852)
(-57.702297, -36.293606) (-57.381199, -36.302456)
(-57.819698, -36.073788) (-57.702297, -36.293606)
(-57.819698, -36.073788) (-58.514584, -35.768929)
(-64.264034, -35.053723) (-64.371557, -34.803214)
(-64.264034, -35.053723) (-65.25225, -35.102851)
(-64.371557, -34.803214) (-64.397231, -33.929932)
(-63.934494, -35.046409) (-64.264034, -35.053723)
(-64.397231, -33.929932) (-65.429178, -33.651628)
(-64.397231, -33.929932) (-64.440031, -33.210471)
(-63.93618, -35.381287) (-63.783955, -35.643017)
(-63.93618, -35.381287) (-63.934494, -35.046409)
(-63.783955, -35.643017) (-63.784172, -35.678864)
(-63.767873, -35.678817) (-63.388598, -35.543975)
(-63.388598, -35.543975) (-63.0, -35.438297)
(-62.989941, -35.037594) (-63.934494, -35.046409)
(-63.0, -35.438297) (-62.999284, -35.438312)
(-62.984934, -35.039036) (-62.989941, -35.037594)
(-62.984934, -35.039036) (-62.987432, -35.035576)
(-63.420517, -34.14159) (-64.397231, -33.929932)
(-63.420517, -34.14159) (-63.303688, -33.39386)
(-63.303688, -33.39386) (-63.303716, -33.393434)
(-62.305334, -38.713356) (-63.166716, -38.158255)
(-62.305334, -38.713356) (-62.567492, -38.753299)
(-62.295121, -38.060616) (-63.393096, -37.657726)
(-62.295121, -38.060616) (-62.41862, -37.588694)
(-62.265798, -38.716231) (-62.305334, -38.713356)
(-62.265798, -38.716231) (-62.295121, -38.060616)
(-62.267248, -38.720748) (-62.265798, -38.716231)
(-62.200436, -38.753635) (-62.267248, -38.720748)
(-62.175627, -38.759057) (-62.200436, -38.753635)
(-62.175627, -38.759057) (-61.386658, -38.027531)
(-62.41862, -37.588694) (-62.420521, -37.178874)
(-62.41862, -37.588694) (-61.947651, -37.479256)
(-61.262607, -38.739541) (-62.175627, -38.759057)
(-61.386658, -38.027531) (-61.947651, -37.479256)
(-61.386658, -38.027531) (-60.985348, -37.379704)
(-61.947651, -37.479256) (-62.256767, -37.150169)
(-61.429756, -33.658058) (-61.482391, -33.530025)
(-61.429756, -33.658058) (-60.773453, -33.451591)
(-61.323788, -34.299763) (-61.339279, -34.313042)
(-61.316002, -34.293545) (-61.323788, -34.299763)
(-61.308193, -34.2873) (-61.316002, -34.293545)
(-61.299694, -34.280521) (-61.308193, -34.2873)
(-61.292118, -34.274475) (-61.299694, -34.280521)
(-61.261169, -34.248066) (-61.292118, -34.274475)
(-61.252296, -34.228497) (-61.261169, -34.248066)
(-61.244503, -34.221928) (-61.252296, -34.228497)
(-61.233326, -34.212494) (-61.244503, -34.221928)
(-61.217419, -34.199066) (-61.233326, -34.212494)
(-61.183907, -34.170757) (-61.217419, -34.199066)
(-61.183102, -34.162506) (-61.183907, -34.170757)
(-61.182407, -34.144798) (-61.183102, -34.162506)
(-61.181633, -34.139359) (-61.182407, -34.144798)
(-61.152805, -34.114628) (-61.181633, -34.139359)
(-61.135044, -34.098598) (-61.152805, -34.114628)
(-61.12804, -34.086483) (-61.135044, -34.098598)
(-61.077064, -33.920245) (-61.12804, -34.086483)
(-61.077064, -33.920245) (-61.337125, -33.806667)
(-60.773453, -33.451591) (-60.381029, -33.285978)
(-60.773453, -33.451591) (-60.700119, -33.089668)
(-60.985348, -37.379704) (-59.859746, -37.64785)
(-60.985348, -37.379704) (-60.22987, -36.936619)
(-59.859746, -37.64785) (-59.80497, -37.689972)
(-59.859746, -37.64785) (-60.281424, -38.356399)
(-60.22987, -36.936619) (-61.159302, -36.218571)
(-59.80497, -37.689972) (-58.75613, -38.523829)
(-59.80497, -37.689972) (-59.183525, -37.422817)
(-59.897695, -36.848323) (-59.859746, -37.64785)
(-59.897695, -36.848323) (-59.978344, -36.84993)
(-59.978344, -36.84993) (-60.22987, -36.936619)
(-66.260811, -33.304239) (-66.342914, -33.316933)
(-66.260811, -33.304239) (-65.626281, -33.053126)
(-65.95189, -32.369519) (-66.339895, -33.262279)
(-65.95189, -32.369519) (-67.009485, -32.388966)
(-66.339895, -33.262279) (-67.009485, -32.388966)
(-66.339895, -33.262279) (-66.342914, -33.316933)
(-65.626281, -33.053126) (-65.620316, -33.039486)
(-65.620316, -33.039486) (-65.63765, -32.944382)
(-65.534149, -33.059582) (-65.626281, -33.053126)
(-65.534149, -33.059582) (-65.17411, -32.341236)
(-65.620407, -32.916927) (-65.63765, -32.944382)
(-65.631416, -32.874935) (-65.620407, -32.916927)
(-65.626312, -32.81131) (-65.631416, -32.874935)
(-65.61834, -32.786747) (-65.626312, -32.81131)
(-65.613754, -32.759308) (-65.61834, -32.786747)
(-65.618294, -32.73983) (-65.613754, -32.759308)
(-65.628342, -32.690765) (-65.618294, -32.73983)
(-65.628342, -32.690765) (-65.623268, -32.682884)
(-65.623268, -32.682884) (-65.631805, -32.580341)
(-65.631805, -32.580341) (-65.646294, -32.545986)
(-65.807382, -32.25021) (-65.95189, -32.369519)
(-65.807382, -32.25021) (-66.274032, -31.314992)
(-65.659645, -32.446922) (-65.676598, -32.418629)
(-65.674881, -32.410278) (-65.676598, -32.418629)
(-65.69059, -32.228363) (-65.674881, -32.410278)
(-65.646469, -32.462208) (-65.646294, -32.545986)
(-65.646469, -32.462208) (-65.659645, -32.446922)
(-65.698056, -32.203989) (-65.807382, -32.25021)
(-65.698056, -32.203989) (-65.69059, -32.228363)
(-57.15792, -35.385427) (-57.15769, -35.386417)
(-57.15769, -35.386417) (-57.155927, -35.39004)
(-57.155927, -35.39004) (-57.155688, -35.390736)
(-57.163642, -35.376814) (-57.15792, -35.385427)
(-57.272921, -35.252442) (-57.277222, -35.24836)
(-57.277222, -35.24836) (-57.278503, -35.247145)
(-57.271837, -35.253468) (-57.272921, -35.252442)
(-57.278503, -35.247145) (-57.280801, -35.244966)
(-57.262829, -35.261935) (-57.271837, -35.253468)
(-57.665141, -35.030419) (-57.663662, -35.031741)
(-57.663662, -35.031741) (-57.585581, -35.066651)
(-57.67185, -35.025078) (-57.665141, -35.030419)
(-57.585581, -35.066651) (-57.584061, -35.066393)
(-57.584061, -35.066393) (-57.566851, -35.064262)
(-57.566851, -35.064262) (-57.532707, -35.069187)
(-57.515942, -35.09) (-57.532707, -35.069187)
(-57.5, -35.09369) (-57.515942, -35.09)
(-57.475718, -35.104445) (-57.491422, -35.095174)
(-57.491422, -35.095174) (-57.5, -35.09369)
(-57.458952, -35.125602) (-57.460379, -35.124145)
(-57.460379, -35.124145) (-57.461026, -35.120038)
(-57.461026, -35.120038) (-57.465191, -35.110911)
(-57.465191, -35.110911) (-57.465431, -35.110412)
(-57.470969, -35.107167) (-57.475718, -35.104445)
(-57.465431, -35.110412) (-57.470969, -35.107167)
(-57.457072, -35.127415) (-57.458952, -35.125602)
(-57.145064, -35.461078) (-57.145255, -35.461423)
(-57.145255, -35.461423) (-57.152953, -35.473909)
(-57.140982, -35.452668) (-57.145064, -35.461078)
(-57.139322, -35.449713) (-57.140982, -35.452668)
(-57.137889, -35.441564) (-57.139322, -35.449713)
(-57.139923, -35.417387) (-57.137889, -35.441564)
(-57.141789, -35.414056) (-57.139923, -35.417387)
(-61.860512, -30.208672) (-61.729307, -30.225963)
(-61.937627, -29.876038) (-62.650769, -29.139035)
(-61.937627, -29.876038) (-61.803373, -29.779034)
(-62.650769, -29.139035) (-62.96706, -28.583805)
(-61.803373, -29.779034) (-61.754283, -29.296958)
(-61.499512, -31.226624) (-61.54685, -30.929725)
(-61.54685, -30.929725) (-61.729307, -30.225963)
(-61.729307, -30.225963) (-61.937627, -29.876038)
(-61.240555, -30.327536) (-61.191509, -30.495338)
(-61.240555, -30.327536) (-61.664349, -29.678389)
(-61.191509, -30.495338) (-61.046661, -30.688755)
(-61.046661, -30.688755) (-60.907242, -31.024061)
(-60.907242, -31.024061) (-60.722923, -31.068746)
(-61.664349, -29.678389) (-61.803373, -29.779034)
(-61.754283, -29.296958) (-61.743498, -29.220089)
(-60.381029, -33.285978) (-60.6283, -33.087502)
(-60.700119, -33.089668) (-60.790252, -33.092034)
(-60.700119, -33.089668) (-60.677366, -33.007938)
(-60.752744, -32.989096) (-60.716922, -32.970813)
(-60.677366, -33.007938) (-60.677294, -33.007558)
(-60.677366, -33.007938) (-60.663027, -33.015092)
(-60.6283, -33.087502) (-60.700119, -33.089668)
(-60.6283, -33.087502) (-60.663027, -33.015092)
(-60.72199, -32.948768) (-60.819465, -32.939734)
(-60.72199, -32.948768) (-60.716922, -32.970813)
(-60.723094, -32.931194) (-60.819145, -32.920189)
(-60.723094, -32.931194) (-60.72199, -32.948768)
(-60.716922, -32.970813) (-60.716784, -32.97074)
(-60.716922, -32.970813) (-60.677366, -33.007938)
(-60.716784, -32.97074) (-60.664798, -32.955419)
(-60.336236, -38.400925) (-61.386658, -38.027531)
(-60.336236, -38.400925) (-61.262607, -38.739541)
(-60.281424, -38.356399) (-60.336236, -38.400925)
(-58.75613, -38.523829) (-60.281424, -38.356399)
(-58.75613, -38.523829) (-58.727257, -38.55341)
(-58.727257, -38.55341) (-58.715084, -38.579926)
(-62.418793, -37.588726) (-62.41862, -37.588694)
(-62.420521, -37.178874) (-62.384953, -37.040333)
(-62.420521, -37.178874) (-62.256767, -37.150169)
(-62.384953, -37.040333) (-62.382263, -37.032175)
(-62.382263, -37.032175) (-62.444094, -36.871299)
(-62.382263, -37.032175) (-61.751464, -36.565385)
(-62.444094, -36.871299) (-63.272854, -36.361342)
(-62.444094, -36.871299) (-62.748582, -36.01404)
(-62.256767, -37.150169) (-62.384953, -37.040333)
(-61.751464, -36.565385) (-60.985348, -37.379704)
(-61.751464, -36.565385) (-61.708391, -36.531816)
(-63.272854, -36.361342) (-63.43798, -36.419144)
(-62.748582, -36.01404) (-62.999284, -35.438312)
(-62.748582, -36.01404) (-63.272854, -36.361342)
(-61.866256, -35.878112) (-61.905625, -35.847329)
(-61.866256, -35.878112) (-61.708391, -36.531816)
(-61.708391, -36.531816) (-61.159302, -36.218571)
(-58.113525, -35.009438) (-58.092491, -35.035374)
(-58.113525, -35.009438) (-57.956857, -34.889419)
(-58.092491, -35.035374) (-57.984631, -35.547707)
(-58.189329, -34.840416) (-58.113525, -35.009438)
(-57.926593, -34.907435) (-57.941676, -34.896369)
(-57.947953, -34.894791) (-57.956857, -34.889419)
(-57.947953, -34.894791) (-57.941676, -34.896369)
(-58.154728, -34.780691) (-58.189329, -34.840416)
(-58.154728, -34.780691) (-57.956857, -34.889419)
(-57.919944, -34.912443) (-57.926593, -34.907435)
(-57.909542, -34.919991) (-57.919944, -34.912443)
(-57.894955, -34.930831) (-57.909542, -34.919991)
(-57.832061, -34.952362) (-57.894955, -34.930831)
(-57.793859, -34.963568) (-57.832061, -34.952362)
(-57.697995, -35.005677) (-57.698617, -35.005038)
(-57.698617, -35.005038) (-57.701882, -35.001332)
(-57.695555, -35.007442) (-57.697995, -35.005677)
(-57.701882, -35.001332) (-57.717979, -34.987812)
(-57.691849, -35.010122) (-57.695555, -35.007442)
(-57.690449, -35.011134) (-57.691849, -35.010122)
(-57.689469, -35.011843) (-57.690449, -35.011134)
(-57.689469, -35.011843) (-57.688523, -35.012524)
(-57.688523, -35.012524) (-57.683757, -35.015953)
(-57.683757, -35.015953) (-57.68097, -35.017957)
(-57.68097, -35.017957) (-57.679865, -35.018752)
(-57.679865, -35.018752) (-57.67185, -35.025078)
(-57.77606, -34.95986) (-57.793859, -34.963568)
(-57.769718, -34.958487) (-57.77606, -34.95986)
(-57.717979, -34.987812) (-57.758762, -34.966015)
(-57.758762, -34.966015) (-57.769718, -34.958487)
(-58.665405, -34.474026) (-58.731335, -34.508724)
(-58.665405, -34.474026) (-58.677, -34.471246)
(-58.722405, -34.628256) (-58.585479, -34.487556)
(-58.722405, -34.628256) (-58.787237, -34.635318)
(-58.585479, -34.487556) (-58.665405, -34.474026)
(-58.560682, -34.685777) (-58.748041, -35.01926)
(-58.560682, -34.685777) (-58.512958, -34.721766)
(-58.748041, -35.01926) (-58.745388, -35.025714)
(-58.748041, -35.01926) (-58.887578, -34.858828)
(-58.62985, -34.6323) (-58.722405, -34.628256)
(-58.62985, -34.6323) (-58.560682, -34.685777)
(-58.512958, -34.721766) (-58.524945, -34.784015)
(-58.512958, -34.721766) (-58.402194, -34.837465)
(-58.524945, -34.784015) (-58.742803, -35.022213)
(-58.529938, -34.634594) (-58.62985, -34.6323)
(-58.529938, -34.634594) (-58.529664, -34.6386)
(-58.529664, -34.6386) (-58.485278, -34.686908)
(-58.485278, -34.686908) (-58.512958, -34.721766)
(-58.485278, -34.686908) (-58.461461, -34.704785)
(-58.485238, -34.686748) (-58.485278, -34.686908)
(-58.500061, -34.63649) (-58.529664, -34.6386)
(-58.500061, -34.63649) (-58.484963, -34.634911)
(-58.484963, -34.634911) (-58.490525, -34.642019)
(-58.484963, -34.634911) (-58.371193, -34.60928)
(-58.465122, -34.64941) (-58.485238, -34.686748)
(-58.465122, -34.64941) (-58.380582, -34.622623)
(-58.490525, -34.642019) (-58.465122, -34.64941)
(-58.346573, -35.026119) (-58.402194, -34.837465)
(-58.346573, -35.026119) (-58.742803, -35.022213)
(-58.240459, -35.173645) (-58.346573, -35.026119)
(-58.240459, -35.173645) (-58.230343, -35.170593)
(-58.108994, -35.050705) (-58.346573, -35.026119)
(-58.108994, -35.050705) (-58.092491, -35.035374)
(-58.407749, -34.786686) (-58.402194, -34.837465)
(-58.407749, -34.786686) (-58.371737, -34.657884)
(-58.416077, -34.658096) (-58.461461, -34.704785)
(-58.371193, -34.60928) (-58.36978, -34.622974)
(-58.371193, -34.60928) (-58.466603, -34.535018)
(-58.380582, -34.622623) (-58.36978, -34.622974)
(-58.371737, -34.657884) (-58.380582, -34.622623)
(-58.36978, -34.622974) (-58.154728, -34.780691)
(-57.984631, -35.547707) (-57.819698, -36.073788)
(-58.230343, -35.170593) (-58.108994, -35.050705)
(-56.884094, -37.105888) (-57.552647, -37.995121)
(-57.127399, -37.016426) (-56.884094, -37.105888)
(-57.305256, -36.502251) (-57.127399, -37.016426)
(-57.305256, -36.502251) (-56.884094, -37.105888)
(-57.381199, -36.302456) (-57.305256, -36.502251)
(-57.381199, -36.302456) (-57.406322, -36.210434)
(-57.406322, -36.210434) (-57.408554, -36.197102)
(-57.408554, -36.197102) (-57.428566, -36.120022)
(-57.428566, -36.120022) (-57.446632, -36.037624)
(-57.446632, -36.037624) (-57.44976, -35.971973)
(-57.449543, -35.9477) (-57.44976, -35.971973)
(-57.439251, -35.898849) (-57.449543, -35.9477)
(-57.4157, -35.818584) (-57.439251, -35.898849)
(-57.402127, -35.78827) (-57.4157, -35.818584)
(-57.39761, -35.779527) (-57.402127, -35.78827)
(-57.38132, -35.748218) (-57.39761, -35.779527)
(-57.379642, -35.743538) (-57.38132, -35.748218)
(-57.379135, -35.742202) (-57.379642, -35.743538)
(-57.36961, -35.731458) (-57.379135, -35.742202)
(-57.367466, -35.727266) (-57.36961, -35.731458)
(-57.352409, -35.701168) (-57.367466, -35.727266)
(-57.336052, -35.673513) (-57.352409, -35.701168)
(-57.330523, -35.666667) (-57.336052, -35.673513)
(-58.78067, -35.438438) (-58.240459, -35.173645)
(-58.78067, -35.438438) (-58.811455, -35.391727)
(-58.742803, -35.022213) (-58.748041, -35.01926)
(-58.742803, -35.022213) (-58.745388, -35.025714)
(-59.804943, -36.757481) (-59.897695, -36.848323)
(-59.804943, -36.757481) (-59.043335, -36.802132)
(-59.183525, -37.422817) (-59.017115, -37.361067)
(-59.20185, -37.289478) (-59.897695, -36.848323)
(-59.20185, -37.289478) (-59.183525, -37.422817)
(-59.043335, -36.802132) (-58.985825, -36.846321)
(-59.178745, -37.289429) (-59.20185, -37.289478)
(-59.017115, -37.361067) (-59.178745, -37.289429)
(-59.017115, -37.361067) (-58.496078, -37.227047)
(-58.985825, -36.846321) (-59.178745, -37.289429)
(-59.103703, -36.061798) (-59.804943, -36.757481)
(-59.103703, -36.061798) (-59.043335, -36.802132)
(-59.332806, -35.939468) (-59.151614, -36.02551)
(-59.151614, -36.02551) (-59.378507, -35.380661)
(-59.151614, -36.02551) (-59.103703, -36.061798)
(-58.816945, -35.436956) (-59.103703, -36.061798)
(-58.816945, -35.436956) (-58.78067, -35.438438)
(-60.497288, -35.087837) (-60.440655, -35.126155)
(-60.440567, -35.126217) (-60.081646, -35.457867)
(-63.43798, -36.419144) (-63.664611, -36.493902)
(-63.447037, -36.266792) (-63.43935, -36.357127)
(-63.43935, -36.357127) (-63.438129, -36.395092)
(-63.471558, -36.222099) (-63.447037, -36.266792)
(-63.498302, -36.176147) (-63.471558, -36.222099)
(-63.942463, -35.775242) (-63.780228, -35.688061)
(-63.780228, -35.688061) (-63.767873, -35.678817)
(-63.780228, -35.688061) (-63.744034, -35.724491)
(-63.713085, -35.787506) (-63.699818, -35.814751)
(-63.699818, -35.814751) (-63.646225, -35.905403)
(-63.716667, -35.780617) (-63.713085, -35.787506)
(-63.720913, -35.772831) (-63.71796, -35.778343)
(-63.71796, -35.778343) (-63.716667, -35.780617)
(-63.744034, -35.724491) (-63.720913, -35.772831)
(-63.586884, -36.061008) (-63.576874, -36.077488)
(-63.576874, -36.077488) (-63.552307, -36.08643)
(-63.607944, -35.995586) (-63.586884, -36.061008)
(-63.643551, -35.910358) (-63.607944, -35.995586)
(-63.552307, -36.08643) (-63.524487, -36.145153)
(-63.524487, -36.145153) (-63.50872, -36.167953)
(-63.50872, -36.167953) (-63.500908, -36.171574)
(-63.500908, -36.171574) (-63.498302, -36.176147)
(-63.646225, -35.905403) (-63.643551, -35.910358)
(-63.438129, -36.395092) (-63.43798, -36.419144)
(-59.098106, -35.206558) (-59.400516, -34.664774)
(-59.098106, -35.206558) (-59.378507, -35.380661)
(-58.811455, -35.391727) (-58.816945, -35.436956)
(-58.811455, -35.391727) (-59.098106, -35.206558)
(-58.745388, -35.025714) (-58.811455, -35.391727)
(-58.745388, -35.025714) (-59.098106, -35.206558)
(-58.887578, -34.858828) (-58.835915, -34.786629)
(-58.887578, -34.858828) (-59.037772, -34.573528)
(-58.835915, -34.786629) (-58.820301, -34.763149)
(-58.820301, -34.763149) (-58.736504, -34.666862)
(-58.787237, -34.635318) (-58.905052, -34.601449)
(-58.788349, -34.648125) (-58.787237, -34.635318)
(-58.788349, -34.648125) (-58.779953, -34.651173)
(-58.779953, -34.651173) (-58.758778, -34.6576)
(-58.758778, -34.6576) (-58.736504, -34.666862)
(-59.460648, -34.451385) (-59.856808, -34.415885)
(-59.460648, -34.451385) (-59.447889, -34.262458)
(-59.447889, -34.262458) (-60.076877, -34.063474)
(-59.447889, -34.262458) (-59.542664, -33.854828)
(-59.542664, -33.854828) (-59.722187, -33.76236)
(-58.493081, -34.546624) (-58.585479, -34.487556)
(-58.493081, -34.546624) (-58.529938, -34.634594)
(-58.466603, -34.535018) (-58.493081, -34.546624)
(-57.439244, -35.155314) (-57.450562, -35.133281)
(-57.450562, -35.133281) (-57.457072, -35.127415)
(-57.436839, -35.163516) (-57.43812, -35.159207)
(-57.43812, -35.159207) (-57.439244, -35.155314)
(-57.411276, -35.141981) (-57.436839, -35.163516)
(-57.307716, -35.634979) (-57.330523, -35.666667)
(-57.307716, -35.634979) (-57.298418, -35.625646)
(-57.298418, -35.625646) (-57.285793, -35.611489)
(-57.285793, -35.611489) (-57.277473, -35.602332)
(-57.277473, -35.602332) (-57.266388, -35.592129)
(-57.255165, -35.581835) (-57.266388, -35.592129)
(-57.250094, -35.573989) (-57.255165, -35.581835)
(-57.249236, -35.573408) (-57.250094, -35.573989)
(-57.226028, -35.55632) (-57.249236, -35.573408)
(-57.191635, -35.513714) (-57.226028, -35.55632)
(-57.17741, -35.500016) (-57.191635, -35.513714)
(-57.157084, -35.479867) (-57.17741, -35.500016)
(-57.152953, -35.473909) (-57.157084, -35.479867)
(-57.155688, -35.390736) (-57.141789, -35.414056)
(-57.392408, -35.137001) (-57.411276, -35.141981)
(-57.377424, -35.147279) (-57.392408, -35.137001)
(-57.355903, -35.166667) (-57.367271, -35.155539)
(-57.367271, -35.155539) (-57.375103, -35.149203)
(-57.353583, -35.169776) (-57.355903, -35.166667)
(-57.347391, -35.176785) (-57.353583, -35.169776)
(-57.375103, -35.149203) (-57.377424, -35.147279)
(-57.306108, -35.214879) (-57.317065, -35.205751)
(-57.317065, -35.205751) (-57.317549, -35.205388)
(-57.317549, -35.205388) (-57.329024, -35.195656)
(-57.329024, -35.195656) (-57.334535, -35.189063)
(-57.280801, -35.244966) (-57.28373, -35.242137)
(-57.28373, -35.242137) (-57.284004, -35.240836)
(-57.2844, -35.238302) (-57.295272, -35.223887)
(-57.295272, -35.223887) (-57.297559, -35.22184)
(-57.284004, -35.240836) (-57.284175, -35.23953)
(-57.284175, -35.23953) (-57.2844, -35.238302)
(-57.297559, -35.22184) (-57.306108, -35.214879)
(-57.334535, -35.189063) (-57.347391, -35.176785)
(-57.261646, -35.263038) (-57.262542, -35.262203)
(-57.262542, -35.262203) (-57.262829, -35.261935)
(-57.257452, -35.26751) (-57.258714, -35.265904)
(-57.258714, -35.265904) (-57.260157, -35.264416)
(-57.25623, -35.269096) (-57.257452, -35.26751)
(-57.252711, -35.271556) (-57.25623, -35.269096)
(-57.252711, -35.271556) (-57.202484, -35.324554)
(-57.260157, -35.264416) (-57.261646, -35.263038)
(-57.202484, -35.324554) (-57.19723, -35.333333)
(-57.19723, -35.333333) (-57.19688, -35.33456)
(-57.19688, -35.33456) (-57.196196, -35.336932)
(-57.196196, -35.336932) (-57.182963, -35.346953)
(-57.182963, -35.346953) (-57.177575, -35.356485)
(-57.177575, -35.356485) (-57.173735, -35.362314)
(-57.165487, -35.374584) (-57.163642, -35.376814)
(-57.173735, -35.362314) (-57.171846, -35.364291)
(-57.171846, -35.364291) (-57.168303, -35.36986)
(-57.168303, -35.36986) (-57.165487, -35.374584)
(-58.786043, -30.95179) (-58.457951, -30.582645)
(-58.786043, -30.95179) (-58.100478, -31.394999)
(-58.457951, -30.582645) (-58.774296, -30.381472)
(-58.457951, -30.582645) (-58.003245, -30.077138)
(-58.774296, -30.381472) (-59.579997, -30.744344)
(-58.774296, -30.381472) (-58.771767, -30.353067)
(-58.019566, -30.76059) (-58.457951, -30.582645)
(-58.019566, -30.76059) (-57.958312, -30.271342)
(-58.184964, -31.509036) (-58.100478, -31.394999)
(-58.100478, -31.394999) (-58.091818, -31.347371)
(-58.091818, -31.347371) (-58.076495, -31.279956)
(-58.076495, -31.279956) (-57.95208, -31.267872)
(-58.076495, -31.279956) (-58.019566, -30.76059)
(-57.958312, -30.271342) (-58.003245, -30.077138)
(-57.958312, -30.271342) (-57.645714, -30.245153)
(-58.766106, -30.112318) (-58.597549, -30.061396)
(-58.597549, -30.061396) (-58.524647, -30.035763)
(-58.524647, -30.035763) (-58.494827, -30.025259)
(-58.494827, -30.025259) (-58.483864, -30.021654)
(-58.483864, -30.021654) (-58.441673, -30.002308)
(-58.441673, -30.002308) (-58.429443, -29.994602)
(-58.003245, -30.077138) (-58.088379, -29.811674)
(-58.003245, -30.077138) (-57.464091, -29.822103)
(-58.429443, -29.994602) (-58.381634, -29.964785)
(-58.381634, -29.964785) (-58.343735, -29.94503)
(-58.343735, -29.94503) (-58.3283, -29.938135)
(-58.3283, -29.938135) (-58.314186, -29.932228)
(-58.314186, -29.932228) (-58.275318, -29.929213)
(-58.275318, -29.929213) (-58.214363, -29.912348)
(-58.214363, -29.912348) (-58.15921, -29.86165)
(-58.15921, -29.86165) (-58.097946, -29.811413)
(-58.088379, -29.811674) (-58.188178, -29.391602)
(-58.088379, -29.811674) (-57.464091, -29.822103)
(-57.464091, -29.822103) (-57.209453, -29.713167)
(-58.097946, -29.811413) (-58.088379, -29.811674)
(-58.188178, -29.391602) (-58.856632, -29.177771)
(-58.188178, -29.391602) (-58.112365, -29.150431)
(-58.112365, -29.150431) (-57.220941, -29.631294)
(-57.220941, -29.631294) (-56.846122, -29.422262)
(-60.340931, -27.123583) (-60.42194, -27.28553)
(-60.340931, -27.123583) (-60.24232, -26.87473)
(-60.42194, -27.28553) (-60.416809, -27.2883)
(-60.24232, -26.87473) (-60.417704, -26.812341)
(-60.417704, -26.812341) (-60.598919, -25.920925)
(-60.417704, -26.812341) (-60.746917, -26.705794)
(-60.598919, -25.920925) (-59.751876, -25.276795)
(-59.464957, -27.136248) (-60.24232, -26.87473)
(-59.464957, -27.136248) (-59.455776, -27.104395)
(-60.049774, -26.457237) (-59.946278, -26.532091)
(-59.946278, -26.532091) (-59.805866, -26.622858)
(-59.805866, -26.622858) (-59.627869, -26.701584)
(-59.751876, -25.276795) (-60.590362, -24.702814)
(-59.751876, -25.276795) (-59.500925, -24.758816)
(-59.52071, -26.939478) (-59.525932, -26.928356)
(-59.5201, -26.926012) (-59.525932, -26.928356)
(-59.5201, -26.926012) (-59.522743, -26.911915)
(-59.522743, -26.911915) (-59.627869, -26.701584)
(-59.627869, -26.701584) (-59.333151, -26.532395)
(-59.455776, -27.104395) (-59.45649, -27.094004)
(-59.45649, -27.094004) (-59.458878, -27.045155)
(-59.458878, -27.045155) (-59.462627, -27.041233)
(-59.473515, -27.029724) (-59.482666, -27.020367)
(-59.482666, -27.020367) (-59.52071, -26.939478)
(-59.462627, -27.041233) (-59.473515, -27.029724)
(-59.333151, -26.532395) (-59.376839, -26.368361)
(-59.376839, -26.368361) (-59.359217, -26.329564)
(-59.359217, -26.329564) (-59.068872, -25.683865)
(-58.957975, -27.088638) (-59.333151, -26.532395)
(-58.957975, -27.088638) (-58.176082, -26.18456)
(-59.001578, -27.411614) (-58.957975, -27.088638)
(-59.001578, -27.411614) (-59.464957, -27.136248)
(-59.068872, -25.683865) (-59.751876, -25.276795)
(-66.091222, -25.04956) (-66.225797, -24.257404)
(-66.225797, -24.257404) (-66.320054, -24.229068)
(-57.209453, -29.713167) (-57.220941, -29.631294)
(-57.209453, -29.713167) (-57.111343, -29.724142)
(-56.846122, -29.422262) (-56.845969, -29.422236)
(-56.845969, -29.422236) (-56.81628, -29.464141)
(-56.845969, -29.422236) (-56.079034, -28.566074)
(-58.856632, -29.177771) (-58.733973, -28.859611)
(-58.733973, -28.859611) (-58.112365, -29.150431)
(-58.733973, -28.859611) (-58.703482, -28.248803)
(-58.703482, -28.248803) (-58.703805, -28.248057)
(-58.703482, -28.248803) (-58.629829, -28.282995)
(-58.707516, -28.250018) (-58.703482, -28.248803)
(-58.707516, -28.250018) (-58.703805, -28.248057)
(-58.703805, -28.248057) (-58.782524, -27.483179)
(-58.629829, -28.282995) (-57.51391, -27.930236)
(-58.594269, -28.261755) (-58.629829, -28.282995)
(-58.523972, -28.256151) (-58.594269, -28.261755)
(-58.523972, -28.256151) (-58.488899, -28.243521)
(-58.488899, -28.243521) (-58.462826, -28.219948)
(-58.462826, -28.219948) (-58.373299, -28.146372)
(-58.373299, -28.146372) (-58.317173, -28.114189)
(-58.317173, -28.114189) (-58.280994, -28.095753)
(-58.280994, -28.095753) (-58.230228, -28.042858)
(-58.782524, -27.483179) (-58.573166, -27.506649)
(-58.782524, -27.483179) (-58.55324, -27.390461)
(-58.782524, -27.483179) (-59.001578, -27.411614)
(-58.573166, -27.506649) (-57.51391, -27.930236)
(-58.55324, -27.390461) (-58.573166, -27.506649)
(-58.55324, -27.390461) (-57.149714, -27.553887)
(-57.51391, -27.930236) (-57.149714, -27.553887)
(-57.149714, -27.553887) (-56.396554, -27.617936)
(-56.396554, -27.617936) (-55.916032, -27.402909)
(-58.176082, -26.18456) (-58.228845, -26.114364)
(-58.228845, -26.114364) (-59.068872, -25.683865)
(-58.228845, -26.114364) (-57.732651, -25.290487)
(-65.494933, -27.174959) (-65.470114, -27.126385)
(-65.919228, -26.587297) (-65.470114, -27.126385)
(-65.919228, -26.587297) (-66.011809, -26.509338)
(-65.470114, -27.126385) (-65.283213, -26.946731)
(-66.011809, -26.509338) (-65.970494, -26.059404)
(-65.970494, -26.059404) (-65.952047, -25.857742)
(-65.970494, -26.059404) (-65.416896, -24.793116)
(-65.283213, -26.946731) (-65.270395, -26.951638)
(-65.283213, -26.946731) (-65.231533, -26.898463)
(-65.270395, -26.951638) (-65.231533, -26.898463)
(-65.231533, -26.898463) (-65.190253, -26.859361)
(-65.190253, -26.859361) (-65.176494, -26.836934)
(-65.164314, -26.881227) (-65.190253, -26.859361)
(-65.164314, -26.881227) (-65.165886, -26.839384)
(-65.176494, -26.836934) (-65.165886, -26.839384)
(-65.176494, -26.836934) (-64.945898, -25.778784)
(-64.945898, -25.778784) (-64.981221, -25.505786)
(-65.952047, -25.857742) (-66.044306, -25.694592)
(-65.092349, -28.929771) (-65.155396, -28.929195)
(-65.092349, -28.929771) (-65.124978, -28.624894)
(-65.124978, -28.624894) (-64.188309, -28.306147)
(-65.124978, -28.624894) (-65.095292, -28.481293)
(-64.188309, -28.306147) (-64.154114, -28.31723)
(-64.188309, -28.306147) (-64.186409, -28.301859)
(-63.903831, -29.193401) (-64.188309, -28.306147)
(-64.154114, -28.31723) (-64.186409, -28.301859)
(-64.154114, -28.31723) (-63.950249, -28.243792)
(-64.297219, -27.809968) (-65.101177, -28.191205)
(-64.297219, -27.809968) (-64.851501, -27.50713)
(-64.851501, -27.50713) (-64.988804, -27.686292)
(-64.851501, -27.50713) (-65.164314, -26.881227)
(-64.186409, -28.301859) (-64.297219, -27.809968)
(-64.265492, -27.790647) (-64.297219, -27.809968)
(-63.950249, -28.243792) (-63.970104, -27.869703)
(-63.970104, -27.869703) (-64.186112, -27.737365)
(-64.186112, -27.737365) (-64.265492, -27.790647)
(-64.186112, -27.737365) (-64.19615, -27.709257)
(-64.19615, -27.709257) (-63.488789, -27.382721)
(-64.19615, -27.709257) (-64.485999, -26.577046)
(-63.334705, -29.335951) (-63.377491, -29.364586)
(-63.279167, -29.304913) (-63.334705, -29.335951)
(-63.23151, -29.277252) (-63.279167, -29.304913)
(-63.205681, -29.262617) (-63.23151, -29.277252)
(-63.199768, -29.25927) (-63.205681, -29.262617)
(-63.102833, -29.236259) (-63.199768, -29.25927)
(-63.073189, -29.219124) (-63.102833, -29.236259)
(-62.992523, -29.226868) (-63.073189, -29.219124)
(-62.90876, -29.226755) (-62.992523, -29.226868)
(-63.741451, -28.009779) (-63.970104, -27.869703)
(-63.488789, -27.382721) (-62.699408, -27.031292)
(-62.96706, -28.583805) (-63.741451, -28.009779)
(-62.432087, -27.657588) (-63.741451, -28.009779)
(-62.432087, -27.657588) (-62.839665, -28.457314)
(-64.749588, -26.512861) (-65.165886, -26.839384)
(-64.749588, -26.512861) (-64.485999, -26.577046)
(-64.485999, -26.577046) (-64.945898, -25.778784)
(-64.981221, -25.505786) (-64.965563, -25.459691)
(-64.965563, -25.459691) (-64.922428, -25.228573)
(-64.922428, -25.228573) (-64.933488, -25.216886)
(-64.933488, -25.216886) (-65.019147, -24.804625)
(-64.206981, -25.098678) (-64.965563, -25.459691)
(-64.206981, -25.098678) (-64.203117, -24.733452)
(-62.699408, -27.031292) (-62.218914, -27.33193)
(-62.822958, -25.819853) (-64.206981, -25.098678)
(-62.822958, -25.819853) (-62.699408, -27.031292)
(-54.499539, -25.668318) (-54.499923, -25.667951)
(-54.499923, -25.667951) (-54.560608, -25.611694)
(-53.644121, -26.25474) (-54.040897, -25.784371)
(-54.040897, -25.784371) (-54.080724, -25.722156)
(-57.732651, -25.290487) (-59.500925, -24.758816)
(-59.500925, -24.758816) (-61.160851, -23.67646)
(-64.258484, -23.863855) (-64.225594, -23.824562)
(-64.225594, -23.824562) (-64.221542, -23.820717)
(-64.221542, -23.820717) (-64.214455, -23.818565)
(-64.214455, -23.818565) (-64.172722, -23.820906)
(-64.172722, -23.820906) (-64.107422, -23.819656)
(-64.107422, -23.819656) (-64.071587, -23.818247)
(-64.071587, -23.818247) (-64.063264, -23.819419)
(-64.063264, -23.819419) (-64.203117, -24.733452)
(-64.5694, -23.683456) (-64.219299, -23.308741)
(-64.219299, -23.308741) (-64.215075, -23.307724)
(-64.219299, -23.308741) (-64.369537, -22.72632)
(-64.215075, -23.307724) (-64.063264, -23.819419)
(-64.215075, -23.307724) (-63.909762, -23.019783)
(-63.909762, -23.019783) (-63.79249, -22.489297)
(-63.79249, -22.489297) (-63.683771, -22.05305)
(-60.590362, -24.702814) (-63.909762, -23.019783)
(-61.462468, -23.455349) (-61.994966, -23.010332)
(-61.160851, -23.67646) (-61.462468, -23.455349)
(-58.618415, -33.039666) (-58.248573, -33.100694)
(-58.618415, -33.039666) (-58.58671, -32.964245)
(-58.618415, -33.039666) (-59.272846, -33.16404)
(-58.58671, -32.964245) (-58.552842, -32.897835)
(-58.552842, -32.897835) (-58.310002, -32.48733)
(-58.552842, -32.897835) (-59.000734, -31.887769)
(-58.310002, -32.48733) (-58.238111, -32.260336)
(-58.310002, -32.48733) (-59.142494, -32.315613)
(-58.239452, -32.156669) (-59.000734, -31.887769)
(-58.239452, -32.156669) (-58.184964, -31.509036)
(-59.000734, -31.887769) (-59.027226, -31.808289)
(-58.238111, -32.260336) (-58.239452, -32.156669)
(-58.238111, -32.260336) (-58.099543, -32.264599)
(-59.027226, -31.808289) (-58.184964, -31.509036)
(-65.47049, -22.134314) (-65.480606, -22.140368)
(-65.460037, -22.131222) (-65.47049, -22.134314)
(-65.34314, -22.176296) (-65.460037, -22.131222)
(-65.231717, -22.216949) (-65.34314, -22.176296)
(-65.127533, -22.214321) (-65.231717, -22.216949)
(-65.127533, -22.214321) (-64.959694, -22.250696)
(-64.203117, -24.733452) (-64.933488, -25.216886)
(-64.898536, -24.267127) (-64.784607, -23.790098)
(-64.784607, -23.790098) (-64.783081, -23.786926)
(-64.783081, -23.786926) (-64.5694, -23.683456)
(-64.951741, -23.622235) (-64.784607, -23.790098)
(-64.528839, -23.723217) (-64.524849, -23.73143)
(-64.528839, -23.723217) (-64.53904, -23.711521)
(-64.547958, -23.705271) (-64.5694, -23.683456)
(-64.53904, -23.711521) (-64.547958, -23.705271)
(-64.37986, -23.869829) (-64.398544, -23.858706)
(-64.398544, -23.858706) (-64.439941, -23.838669)
(-64.353096, -23.897707) (-64.37986, -23.869829)
(-64.291168, -23.923023) (-64.299309, -23.91888)
(-64.291168, -23.923023) (-64.286766, -23.906279)
(-64.299309, -23.91888) (-64.30687, -23.913828)
(-64.347221, -23.900427) (-64.353096, -23.897707)
(-64.332253, -23.900133) (-64.347221, -23.900427)
(-64.30687, -23.913828) (-64.332253, -23.900133)
(-64.286766, -23.906279) (-64.258484, -23.863855)
(-64.439941, -23.838669) (-64.434563, -23.807354)
(-64.434563, -23.807354) (-64.524849, -23.73143)
(-60.547752, -27.284397) (-60.517773, -27.284481)
(-60.547752, -27.284397) (-60.552109, -27.284357)
(-60.517773, -27.284481) (-60.497749, -27.284531)
(-60.497749, -27.284531) (-60.491463, -27.284544)
(-60.491463, -27.284544) (-60.477741, -27.284576)
(-60.477741, -27.284576) (-60.467876, -27.284601)
(-60.467876, -27.284601) (-60.447647, -27.284649)
(-60.447647, -27.284649) (-60.437325, -27.284672)
(-60.437325, -27.284672) (-60.42194, -27.28553)
(-60.395229, -27.299078) (-60.392292, -27.300741)
(-60.395229, -27.299078) (-60.416809, -27.2883)
(-60.392292, -27.300741) (-60.3811, -27.307089)
(-60.3811, -27.307089) (-60.34539, -27.327303)
(-60.34539, -27.327303) (-60.326515, -27.333748)
(-60.326515, -27.333748) (-60.31673, -27.335363)
(-60.31673, -27.335363) (-60.280502, -27.340673)
(-60.280502, -27.340673) (-60.27877, -27.336437)
(-60.27877, -27.336437) (-60.216835, -27.335346)
(-60.216835, -27.335346) (-60.184956, -27.334982)
(-60.184956, -27.334982) (-60.166367, -27.334764)
(-59.242047, -29.137761) (-59.251087, -29.124434)
(-59.242047, -29.137761) (-58.856632, -29.177771)
(-59.251087, -29.124434) (-59.010427, -28.756443)
(-59.010427, -28.756443) (-58.733973, -28.859611)
(-59.010427, -28.756443) (-58.707516, -28.250018)
(-59.662619, -29.166512) (-59.001578, -27.411614)
(-60.746917, -26.705794) (-62.822958, -25.819853)
(-60.746917, -26.705794) (-61.298134, -27.36014)
(-60.667636, -27.28251) (-60.417704, -26.812341)
(-60.667636, -27.28251) (-60.638931, -27.283382)
(-60.572594, -31.710064) (-60.519016, -31.743296)
(-60.519016, -31.743296) (-60.479323, -31.760839)
(-60.479323, -31.760839) (-60.407834, -31.769955)
(-60.407834, -31.769955) (-59.952902, -31.850769)
(-60.407834, -31.769955) (-59.960865, -31.567004)
(-60.268762, -32.039136) (-60.479323, -31.760839)
(-60.574028, -31.602531) (-60.527409, -31.56391)
(-60.133942, -31.965061) (-60.268762, -32.039136)
(-60.133942, -31.965061) (-59.952902, -31.850769)
(-59.78045, -32.392403) (-60.268762, -32.039136)
(-59.952902, -31.850769) (-59.883154, -31.579358)
(-59.952902, -31.850769) (-59.173015, -31.807831)
(-59.960865, -31.567004) (-59.883154, -31.579358)
(-59.960865, -31.567004) (-59.613898, -30.859423)
(-59.883154, -31.579358) (-59.260826, -31.288202)
(-59.272846, -33.16404) (-59.31616, -33.127265)
(-59.31616, -33.127265) (-60.111424, -32.64184)
(-59.31616, -33.127265) (-59.308641, -32.352097)
(-60.111424, -32.64184) (-60.132599, -32.62117)
(-59.308641, -32.352097) (-59.309147, -32.352131)
(-59.308641, -32.352097) (-59.308773, -32.351528)
(-59.308773, -32.351528) (-59.78045, -32.392403)
(-59.308773, -32.351528) (-59.309147, -32.352131)
(-59.173015, -31.807831) (-59.308773, -32.351528)
(-59.173015, -31.807831) (-59.027226, -31.808289)
(-59.142494, -32.315613) (-59.308641, -32.352097)
(-59.260826, -31.288202) (-59.173015, -31.807831)
(-59.260826, -31.288202) (-58.786043, -30.95179)
(-60.736046, -31.626626) (-60.722923, -31.068746)
(-60.736046, -31.626626) (-60.799928, -31.667311)
(-60.722923, -31.068746) (-60.574323, -30.771134)
(-60.253464, -31.289392) (-60.527409, -31.56391)
(-60.574323, -30.771134) (-60.211811, -29.485179)
(-60.243034, -31.234531) (-60.253464, -31.289392)
(-60.213638, -31.221201) (-60.243034, -31.234531)
(-60.16246, -31.207886) (-60.213638, -31.221201)
(-59.613898, -30.859423) (-59.260826, -31.288202)
(-59.613898, -30.859423) (-59.579997, -30.744344)
(-60.211811, -29.485179) (-61.743498, -29.220089)
(-60.211811, -29.485179) (-59.662619, -29.166512)
(-59.579997, -30.744344) (-59.524098, -29.998206)
(-59.524098, -29.998206) (-59.242047, -29.137761)
(-58.771767, -30.353067) (-58.770508, -30.346329)
(-58.770508, -30.346329) (-58.768871, -30.337461)
(-58.768871, -30.337461) (-58.767128, -30.328028)
(-58.767128, -30.328028) (-58.76704, -30.317368)
(-58.76704, -30.317368) (-58.768864, -30.30608)
(-58.768864, -30.30608) (-58.787125, -30.210535)
(-58.787125, -30.210535) (-58.795952, -30.16824)
(-58.795952, -30.16824) (-58.799835, -30.155842)
(-58.799835, -30.155842) (-58.819065, -30.125738)
(-58.819065, -30.125738) (-58.792233, -30.118069)
(-58.792233, -30.118069) (-58.766106, -30.112318)
(-62.859352, -29.231949) (-62.90876, -29.226755)
(-62.800858, -29.21431) (-62.859352, -29.231949)
(-62.769951, -29.203735) (-62.800858, -29.21431)
(-62.717442, -29.177967) (-62.769951, -29.203735)
(-62.70369, -29.171293) (-62.717442, -29.177967)
(-62.672646, -29.156136) (-62.70369, -29.171293)
(-62.672646, -29.156136) (-62.650769, -29.139035)
(-62.322924, -28.98925) (-62.650769, -29.139035)
(-62.844426, -28.453773) (-62.96706, -28.583805)
(-62.839665, -28.457314) (-62.844426, -28.453773)
(-62.270847, -28.890415) (-62.839665, -28.457314)
(-62.261424, -28.894977) (-62.322924, -28.98925)
(-62.261424, -28.894977) (-62.270847, -28.890415)
(-61.743498, -29.220089) (-62.261424, -28.894977)
(-61.743498, -29.220089) (-61.114118, -27.835246)
(-62.421223, -27.65749) (-62.432087, -27.657588)
(-62.412636, -27.657093) (-62.421223, -27.65749)
(-62.218914, -27.33193) (-62.412636, -27.657093)
(-61.114118, -27.835246) (-61.298134, -27.36014)
(-61.114118, -27.835246) (-60.745541, -27.556008)
(-61.298134, -27.36014) (-62.412636, -27.657093)
(-60.745541, -27.556008) (-60.667636, -27.28251)
(-62.82296, -25.819796) (-62.822958, -25.819853)
(-60.638931, -27.283382) (-60.619132, -27.283601)
(-60.619132, -27.283601) (-60.598568, -27.283846)
(-60.598568, -27.283846) (-60.578354, -27.284069)
(-60.578354, -27.284069) (-60.558128, -27.28429)
(-60.558128, -27.28429) (-60.552109, -27.284357)
(-64.340324, -33.079962) (-64.38465, -32.452357)
(-64.249, -33.133274) (-64.379448, -33.163685)
(-64.249, -33.133274) (-64.323071, -33.093173)
(-64.323071, -33.093173) (-64.340324, -33.079962)
(-64.38465, -32.452357) (-64.543053, -32.360558)
(-64.38465, -32.452357) (-64.357568, -32.37743)
(-64.543053, -32.360558) (-64.482872, -32.302147)
(-64.482872, -32.302147) (-64.400864, -32.205719)
(-64.495225, -31.422295) (-64.679878, -31.550678)
(-64.495225, -31.422295) (-64.77288, -30.726894)
(-64.357568, -32.37743) (-64.361725, -32.242107)
(-64.357568, -32.37743) (-64.315572, -31.652362)
(-64.400864, -32.205719) (-64.409851, -31.658386)
(-64.361725, -32.242107) (-64.400864, -32.205719)
(-64.315572, -31.652362) (-64.202953, -31.465887)
(-64.315572, -31.652362) (-63.920076, -31.642234)
(-64.409851, -31.658386) (-64.315572, -31.652362)
(-64.409851, -31.658386) (-64.221499, -31.46363)
(-64.42403, -31.455131) (-64.409851, -31.658386)
(-64.42403, -31.455131) (-64.495225, -31.422295)
(-64.221499, -31.46363) (-64.252134, -31.43297)
(-64.221499, -31.46363) (-64.199071, -31.447797)
(-64.202953, -31.465887) (-64.221499, -31.46363)
(-64.202953, -31.465887) (-64.199071, -31.447797)
(-63.920076, -31.642234) (-64.124602, -31.443435)
(-64.124602, -31.443435) (-64.202953, -31.465887)
(-64.124602, -31.443435) (-64.182163, -31.421827)
(-63.843614, -31.67168) (-64.109104, -31.421923)
(-63.843614, -31.67168) (-63.881446, -31.686345)
(-64.109104, -31.421923) (-64.124602, -31.443435)
(-63.247828, -32.403375) (-64.323071, -33.093173)
(-63.247828, -32.403375) (-63.465513, -32.161264)
(-63.465513, -32.161264) (-63.431819, -32.140146)
(-63.465513, -32.161264) (-63.881446, -31.686345)
(-63.431819, -32.140146) (-63.843614, -31.67168)
(-63.431819, -32.140146) (-63.397263, -32.018795)
(-63.881446, -31.686345) (-63.920076, -31.642234)
(-63.397263, -32.018795) (-63.51825, -31.568722)
(-63.51825, -31.568722) (-63.843614, -31.67168)
(-63.51825, -31.568722) (-63.599773, -31.343001)
(-64.77288, -30.726894) (-64.978766, -30.852494)
(-64.77288, -30.726894) (-64.351997, -30.410503)
(-64.351997, -30.410503) (-64.439928, -30.288769)
(-64.252134, -31.43297) (-64.42403, -31.455131)
(-64.199071, -31.447797) (-64.196349, -31.439488)
(-64.188582, -31.42011) (-64.252134, -31.43297)
(-64.196349, -31.439488) (-64.188582, -31.42011)
(-64.182163, -31.421827) (-64.188582, -31.42011)
(-64.182163, -31.421827) (-64.175888, -31.399071)
(-64.175888, -31.399071) (-64.176447, -31.35737)
(-64.175888, -31.399071) (-64.12688, -31.387458)
(-64.176447, -31.35737) (-64.12688, -31.387458)
(-64.176447, -31.35737) (-64.065689, -30.791182)
(-64.12688, -31.387458) (-64.116101, -31.414626)
(-64.12688, -31.387458) (-63.937714, -31.343016)
(-64.116101, -31.414626) (-64.109104, -31.421923)
(-64.065689, -30.791182) (-64.056175, -30.707798)
(-64.065689, -30.791182) (-64.340817, -30.425034)
(-64.340817, -30.425034) (-64.351997, -30.410503)
(-64.056175, -30.707798) (-63.937805, -30.350134)
(-63.937805, -30.350134) (-64.340817, -30.425034)
(-63.937805, -30.350134) (-63.72646, -29.915516)
(-64.439928, -30.288769) (-64.703179, -29.801333)
(-64.703179, -29.801333) (-64.919087, -29.512969)
(-64.52729, -29.763779) (-64.703179, -29.801333)
(-64.52729, -29.763779) (-64.437233, -29.746153)
(-64.437233, -29.746153) (-64.398834, -29.729834)
(-64.398834, -29.729834) (-64.380081, -29.695518)
(-64.380081, -29.695518) (-64.31337, -29.689491)
(-64.31337, -29.689491) (-64.231789, -29.701767)
(-64.231789, -29.701767) (-64.148735, -29.685925)
(-64.148735, -29.685925) (-64.136642, -29.692871)
(-64.136642, -29.692871) (-64.111191, -29.725195)
(-63.998871, -29.75976) (-64.021484, -29.737587)
(-64.021484, -29.737587) (-64.111191, -29.725195)
(-63.618296, -31.333563) (-63.937714, -31.343016)
(-63.599773, -31.343001) (-63.618296, -31.333563)
(-63.257359, -30.890125) (-64.056175, -30.707798)
(-63.257359, -30.890125) (-63.618296, -31.333563)
(-63.856995, -29.912394) (-63.800117, -29.930521)
(-63.800117, -29.930521) (-63.72646, -29.915516)
(-65.776617, -29.215524) (-66.24875, -28.868697)
(-65.776617, -29.215524) (-65.733473, -28.467536)
(-65.733473, -28.467536) (-65.635264, -28.47106)
(-65.773776, -28.467799) (-65.774414, -28.460369)
(-65.773776, -28.467799) (-65.733473, -28.467536)
(-65.548019, -28.743336) (-65.664604, -28.677221)
(-65.664604, -28.677221) (-65.624611, -28.60207)
(-65.543121, -28.76045) (-65.548019, -28.743336)
(-65.624611, -28.60207) (-65.61911, -28.560572)
(-65.61911, -28.560572) (-65.608376, -28.498957)
(-65.774414, -28.460369) (-65.753052, -28.459888)
(-65.724228, -28.42737) (-65.753052, -28.459888)
(-65.635264, -28.47106) (-65.613924, -28.092345)
(-65.722054, -28.417936) (-65.724228, -28.42737)
(-65.713593, -28.391985) (-65.722054, -28.417936)
(-65.712967, -28.381344) (-65.713593, -28.391985)
(-65.708855, -28.354134) (-65.712967, -28.381344)
(-65.709, -28.340126) (-65.708855, -28.354134)
(-65.608376, -28.498957) (-65.635264, -28.47106)
(-65.443642, -28.871288) (-65.502174, -28.810259)
(-65.443642, -28.871288) (-65.343216, -28.907898)
(-65.502174, -28.810259) (-65.543121, -28.76045)
(-65.343216, -28.907898) (-65.330444, -28.911573)
(-65.329002, -28.918097) (-65.329376, -28.918964)
(-65.330444, -28.911573) (-65.329002, -28.918097)
(-65.295425, -28.933613) (-65.329376, -28.918964)
(-65.269485, -28.934038) (-65.295425, -28.933613)
(-65.183891, -28.928864) (-65.269485, -28.934038)
(-65.155396, -28.929195) (-65.183891, -28.928864)
(-65.095292, -28.481293) (-65.101177, -28.191205)
(-65.811523, -28.070154) (-65.785789, -28.171305)
(-65.785789, -28.171305) (-65.737167, -28.265308)
(-65.865467, -27.955171) (-65.864339, -27.956688)
(-65.864339, -27.956688) (-65.846806, -27.977766)
(-65.86467, -27.950129) (-65.865467, -27.955171)
(-65.864245, -27.948827) (-65.86467, -27.950129)
(-65.863883, -27.94757) (-65.864245, -27.948827)
(-65.868135, -27.941471) (-65.863883, -27.94757)
(-65.868713, -27.940729) (-65.868135, -27.941471)
(-65.871293, -27.934131) (-65.870658, -27.935818)
(-65.870658, -27.935818) (-65.868713, -27.940729)
(-65.871601, -27.931812) (-65.871293, -27.934131)
(-65.871556, -27.931128) (-65.871601, -27.931812)
(-65.871063, -27.92973) (-65.871556, -27.931128)
(-65.868748, -27.926322) (-65.871063, -27.92973)
(-65.867709, -27.925494) (-65.868748, -27.926322)
(-65.867408, -27.923366) (-65.867709, -27.925494)
(-65.867977, -27.917283) (-65.867408, -27.923366)
(-65.840798, -27.990801) (-65.841055, -28.000009)
(-65.841055, -28.000009) (-65.811523, -28.070154)
(-65.841501, -27.985271) (-65.840798, -27.990801)
(-65.846806, -27.977766) (-65.841501, -27.985271)
(-65.881102, -27.904154) (-65.879591, -27.905837)
(-65.879591, -27.905837) (-65.877638, -27.908085)
(-65.880994, -27.903319) (-65.881102, -27.904154)
(-65.879924, -27.900376) (-65.880994, -27.903319)
(-65.877638, -27.908085) (-65.874573, -27.912758)
(-65.874573, -27.912758) (-65.867977, -27.917283)
(-65.878839, -27.898713) (-65.879924, -27.900376)
(-65.878485, -27.898289) (-65.878839, -27.898713)
(-65.878109, -27.897493) (-65.878485, -27.898289)
(-65.872198, -27.892953) (-65.878109, -27.897493)
(-65.86833, -27.888215) (-65.872198, -27.892953)
(-65.858289, -27.87864) (-65.86833, -27.888215)
(-65.85352, -27.870205) (-65.858289, -27.87864)
(-65.852885, -27.858513) (-65.85352, -27.870205)
(-65.852363, -27.857958) (-65.852885, -27.858513)
(-65.835963, -27.859872) (-65.852363, -27.857958)
(-65.835963, -27.859872) (-65.834298, -27.859125)
(-65.834298, -27.859125) (-65.782761, -27.838188)
(-65.737167, -28.265308) (-65.709, -28.340126)
(-65.613924, -28.092345) (-65.504414, -28.046949)
(-65.613924, -28.092345) (-65.580615, -28.00503)
(-65.782368, -27.837782) (-65.782761, -27.838188)
(-65.790107, -27.781672) (-65.782368, -27.837782)
(-65.580615, -28.00503) (-65.58478, -27.769114)
(-65.80078, -27.750727) (-65.790107, -27.781672)
(-65.794453, -27.720113) (-65.80078, -27.750727)
(-65.795389, -27.702702) (-65.794453, -27.720113)
(-65.795555, -27.696909) (-65.795389, -27.702702)
(-65.792839, -27.684648) (-65.795555, -27.696909)
(-65.792839, -27.684648) (-65.789923, -27.68264)
(-65.789923, -27.68264) (-65.789517, -27.682354)
(-65.789517, -27.682354) (-65.785086, -27.67885)
(-65.785086, -27.67885) (-65.78323, -27.678051)
(-65.78323, -27.678051) (-65.766195, -27.668674)
(-65.766195, -27.668674) (-65.764865, -27.669061)
(-65.764865, -27.669061) (-65.764364, -27.66881)
(-65.764364, -27.66881) (-65.76359, -27.666672)
(-65.76359, -27.666672) (-65.764655, -27.663423)
(-65.764655, -27.663423) (-65.761433, -27.666671)
(-65.761433, -27.666671) (-65.753389, -27.666668)
(-65.752269, -27.666668) (-65.753389, -27.666668)
(-65.751021, -27.666667) (-65.752269, -27.666668)
(-65.751021, -27.666667) (-65.74993, -27.666667)
(-65.746898, -27.637437) (-65.74993, -27.666667)
(-65.734583, -27.62007) (-65.746898, -27.637437)
(-65.734583, -27.62007) (-65.730882, -27.619696)
(-65.730882, -27.619696) (-65.726639, -27.619281)
(-65.726639, -27.619281) (-65.725703, -27.619189)
(-65.725703, -27.619189) (-65.720654, -27.618698)
(-65.720654, -27.618698) (-65.718989, -27.618546)
(-65.718989, -27.618546) (-65.717462, -27.618406)
(-65.717462, -27.618406) (-65.716376, -27.618306)
(-65.716376, -27.618306) (-65.713239, -27.61802)
(-65.713239, -27.61802) (-65.710446, -27.617773)
(-65.710446, -27.617773) (-65.709406, -27.617845)
(-65.709406, -27.617845) (-65.707602, -27.61809)
(-65.707602, -27.61809) (-65.700274, -27.619763)
(-65.700274, -27.619763) (-65.697304, -27.623512)
(-65.697304, -27.623512) (-65.691981, -27.624126)
(-65.691981, -27.624126) (-65.687413, -27.626289)
(-65.687413, -27.626289) (-65.685051, -27.625823)
(-65.678098, -27.624192) (-65.685051, -27.625823)
(-65.676561, -27.623988) (-65.678098, -27.624192)
(-65.670862, -27.624582) (-65.676561, -27.623988)
(-60.719793, -32.893562) (-60.723094, -32.931194)
(-60.719793, -32.893562) (-60.753141, -32.873203)
(-60.753141, -32.873203) (-60.841038, -32.820851)
(-60.710622, -32.882546) (-60.719793, -32.893562)
(-60.699393, -32.871232) (-60.710622, -32.882546)
(-60.699393, -32.871232) (-60.730727, -32.76855)
(-60.699084, -32.872386) (-60.699393, -32.871232)
(-60.699084, -32.872386) (-60.690514, -32.870771)
(-60.690514, -32.870771) (-60.699393, -32.871232)
(-60.690514, -32.870771) (-60.169517, -32.606147)
(-60.677294, -33.007558) (-60.664798, -32.955419)
(-60.169517, -32.606147) (-60.595449, -32.082347)
(-60.132599, -32.62117) (-60.169517, -32.606147)
(-60.132599, -32.62117) (-59.78045, -32.392403)
(-60.595449, -32.082347) (-60.268762, -32.039136)
(-60.595449, -32.082347) (-60.519016, -31.743296)
(-60.715034, -31.632738) (-60.736046, -31.626626)
(-60.715034, -31.632738) (-60.628184, -31.640374)
(-60.628184, -31.640374) (-60.572594, -31.710064)
(-60.628184, -31.640374) (-60.574028, -31.602531)
(-55.573162, -27.969984) (-55.558887, -27.972692)
(-55.558887, -27.972692) (-55.537136, -27.970165)
(-55.537136, -27.970165) (-55.526722, -27.96896)
(-55.520515, -27.968399) (-55.526722, -27.96896)
(-55.522049, -27.961625) (-55.520515, -27.968399)
(-55.522617, -27.959431) (-55.522049, -27.961625)
(-55.522617, -27.959431) (-55.511383, -27.95825)
(-55.511383, -27.95825) (-55.505936, -27.957684)
(-55.505936, -27.957684) (-55.490158, -27.948677)
(-55.490158, -27.948677) (-55.475674, -27.94104)
(-55.475674, -27.94104) (-55.455246, -27.926567)
(-55.455246, -27.926567) (-55.3797, -27.904295)
(-55.259563, -27.86912) (-55.3797, -27.904295)
(-55.222984, -27.839466) (-55.259563, -27.86912)
(-55.222984, -27.839466) (-55.213524, -27.838535)
(-55.213524, -27.838535) (-55.175022, -27.83507)
(-55.175022, -27.83507) (-55.156248, -27.847673)
(-55.156248, -27.847673) (-55.133999, -27.869699)
(-55.156248, -27.847673) (-54.682749, -27.567129)
(-55.780669, -27.746249) (-55.100849, -27.491514)
(-55.780669, -27.746249) (-55.781245, -27.745294)
(-55.100849, -27.491514) (-55.576158, -27.376919)
(-55.100849, -27.491514) (-53.733486, -26.291693)
(-55.576158, -27.376919) (-54.634774, -26.402877)
(-54.634774, -26.402877) (-54.579299, -25.969455)
(-54.634774, -26.402877) (-53.733486, -26.291693)
(-54.579299, -25.969455) (-54.499539, -25.668318)
(-54.579299, -25.969455) (-54.040897, -25.784371)
(-53.733486, -26.291693) (-53.644121, -26.25474)
(-54.460235, -25.713879) (-54.499539, -25.668318)
(-54.080724, -25.722156) (-54.460235, -25.713879)
(-56.079034, -28.566074) (-56.014528, -28.61087)
(-56.079034, -28.566074) (-56.072609, -28.552728)
(-56.072609, -28.552728) (-55.715317, -28.117897)
(-56.072609, -28.552728) (-56.008656, -27.967606)
(-55.715317, -28.117897) (-55.696264, -28.080613)
(-56.008656, -27.967606) (-56.396554, -27.617936)
(-56.008656, -27.967606) (-55.780669, -27.746249)
(-55.916032, -27.402909) (-55.865491, -27.451712)
(-55.696264, -28.080613) (-55.748812, -27.90569)
(-55.748812, -27.90569) (-55.741261, -27.899088)
(-55.748812, -27.90569) (-55.780669, -27.746249)
(-55.741261, -27.899088) (-55.736229, -27.903587)
(-55.736229, -27.903587) (-55.72929, -27.897308)
(-55.72929, -27.897308) (-55.721714, -27.904087)
(-55.713886, -27.89712) (-55.721714, -27.904087)
(-55.706699, -27.890682) (-55.713886, -27.89712)
(-55.706699, -27.890682) (-55.69923, -27.897318)
(-55.633896, -27.91749) (-55.625206, -27.923233)
(-55.625206, -27.923233) (-55.592358, -27.944412)
(-55.592358, -27.944412) (-55.580181, -27.963715)
(-55.580181, -27.963715) (-55.573162, -27.969984)
(-55.69923, -27.897318) (-55.675045, -27.908455)
(-55.675045, -27.908455) (-55.670456, -27.91288)
(-55.670456, -27.91288) (-55.646751, -27.916393)
(-55.646751, -27.916393) (-55.633896, -27.91749)
(-55.865491, -27.451712) (-55.781245, -27.745294)
(-55.865491, -27.451712) (-55.576158, -27.376919)
